    1    8   735.31    24.25   -0.520   -0.987   2.532 -10.998
    2    4   769.72    21.49    0.292   -2.185   3.160 -10.371
    3    1   888.79    24.81    0.526   -2.520   2.559  -9.003
    4   11   480.19    20.72   -0.500   -3.611   2.786  -8.481
    5    3  1128.12    27.96    0.194   -3.399   3.056 -11.305
    6   12   500.18    19.68   -0.550   -3.834   1.711 -11.443
    7    6     0.37     0.31    0.310   -4.625   1.677 -12.054
    8    8   735.31    24.25   -0.520   -1.583   1.805  -8.425
    9    4   769.72    21.49    0.195   -1.803   1.142  -7.134
   10    1   888.79    24.81    0.526   -1.723   2.089  -5.926
   11   11   480.19    20.72   -0.500   -1.094   3.145  -5.988
   12    3  1128.12    27.96    0.211   -0.830  -0.033  -6.958
   13    1   888.79    24.81    0.103   -1.312  -1.075  -5.998
   14    8   735.31    24.25   -0.613   -2.048  -2.171  -6.397
   15    1   888.79    24.81    0.353   -1.173  -1.185  -4.656
   16    1   888.79    24.81    0.719   -2.339  -2.911  -5.341
   17    8   735.31    24.25   -0.686   -1.820  -2.334  -4.272
   18    6     0.37     0.31    0.248   -0.680   1.640  -8.822
   19    6     0.37     0.31    0.478   -2.319  -2.374  -7.338
   20    6     0.37     0.31    0.486   -1.887  -2.678  -3.335
   21    8   735.31    24.25   -0.520   -2.369   1.696  -4.831
   22    4   769.72    21.49    0.137   -2.404   2.483  -3.592
   23    1   888.79    24.81    0.526   -1.129   2.328  -2.762
   24   11   480.19    20.72   -0.500   -0.866   3.131  -1.868
   25    3  1128.12    27.96    0.037   -3.605   2.065  -2.744
   26    3  1128.12    27.96    0.090   -4.946   2.419  -3.346
   27   14  1831.79    40.48   -0.025   -5.646   3.891  -2.604
   28    2  1586.37    35.05    0.007   -6.907   4.313  -3.809
   29    6     0.37     0.31    0.248   -2.877   0.836  -4.775
   30    8   735.31    24.25   -0.520   -0.363   1.277  -3.045
   31    4   769.72    21.49    0.204    0.912   1.024  -2.378
   32    1   888.79    24.81    0.526    2.039   1.699  -3.160
   33   11   480.19    20.72   -0.500    2.222   1.413  -4.348
   34    3  1128.12    27.96    0.016    1.166  -0.485  -2.269
   35    4   769.72    21.49    0.054    2.343  -0.995  -1.436
   36    2  1586.37    35.05   -0.014    2.183  -0.640   0.046
   37    2  1586.37    35.05   -0.014    2.491  -2.504  -1.627
   38    6     0.37     0.31    0.248   -0.604   0.590  -3.730
   39    8   735.31    24.25   -0.257    2.780   2.619  -2.512
   40    4   769.72    21.49    0.112    3.883   3.276  -3.216
   41    1   888.79    24.81    0.526    4.952   2.304  -3.720
   42   11   480.19    20.72   -0.500    5.227   1.278  -3.081
   43    3  1128.12    27.96   -0.001    4.474   4.238  -2.171
   44    3  1128.12    27.96    0.036    3.868   3.876  -0.876
   45    3  1128.12    27.96    0.084    2.604   3.128  -1.139
   46    8   735.31    24.25   -0.520    5.533   2.628  -4.871
   47    4   769.72    21.49    0.237    6.574   1.788  -5.466
   48    1   888.79    24.81    0.526    7.897   1.894  -4.708
   49   11   480.19    20.72   -0.500    8.647   0.912  -4.609
   50    3  1128.12    27.96    0.049    6.764   2.130  -6.946
   51    3  1128.12    27.96    0.058    5.576   1.719  -7.817
   52    3  1128.12    27.96    0.111    5.941   1.583  -9.291
   53    8   735.31    24.25   -0.493    6.827   0.445  -9.550
   54    1   888.79    24.81    0.813    8.094   0.545  -9.954
   55    8   735.31    24.25   -0.635    8.647   1.735 -10.166
   56    8   735.31    24.25   -0.634    8.811  -0.554 -10.156
   57    6     0.37     0.31    0.248    5.308   3.446  -5.400
   58    6     0.37     0.31    0.294    6.455  -0.473  -9.414
   59    6     0.37     0.31    0.361    8.112   2.568 -10.023
   60    6     0.37     0.31    0.362    9.598   1.798 -10.469
   61    6     0.37     0.31    0.361    8.401  -1.453 -10.005
   62    6     0.37     0.31    0.362    9.761  -0.482 -10.459
   63    8   735.31    24.25   -0.520    8.180   3.080  -4.174
   64    4   769.72    21.49    0.217    9.436   3.320  -3.464
   65    1   888.79    24.81    0.526    9.261   3.938  -2.065
   66   11   480.19    20.72   -0.500    9.405   5.153  -1.900
   67    3  1128.12    27.96    0.003   10.396   4.164  -4.315
   68    1   888.79    24.81    0.675   11.817   4.165  -3.760
   69   11   480.19    20.72   -0.470   12.106   3.493  -2.764
   70    8   735.31    24.25   -0.867   12.704   4.923  -4.395
   71    6     0.37     0.31    0.248    7.571   3.872  -4.218
   72    6     0.37     0.31    0.344   13.649   4.966  -4.070
   73    6     0.37     0.31    0.344   12.427   5.451  -5.198
   74    8   735.31    24.25   -0.257    8.936   3.104  -1.062
   75    4   769.72    21.49    0.112    8.790   3.566   0.325
   76    1   888.79    24.81    0.526    9.958   4.397   0.885
   77   11   480.19    20.72   -0.500    9.719   5.293   1.701
   78    3  1128.12    27.96   -0.001    8.616   2.263   1.105
   79    3  1128.12    27.96    0.036    7.928   1.354   0.124
   80    3  1128.12    27.96    0.084    8.599   1.668  -1.191
   81    8   735.31    24.25   -0.520   11.190   4.115   0.455
   82    4   769.72    21.49    0.292   12.377   4.862   0.923
   83    1   888.79    24.81    0.526   12.351   6.336   0.504
   84   11   480.19    20.72   -0.500   13.060   7.172   1.082
   85    3  1128.12    27.96    0.194   13.671   4.199   0.436
   86   12   500.18    19.68   -0.550   13.874   4.413  -0.954
   87    6     0.37     0.31    0.248   11.395   3.391  -0.203
   88    6     0.37     0.31    0.310   13.196   3.894  -1.474
   89    8   735.31    24.25   -0.520   11.539   6.645  -0.504
   90    4   769.72    21.49    0.137   11.366   8.014  -0.979
   91    1   888.79    24.81    0.526    9.972   8.570  -0.684
   92   11   480.19    20.72   -0.500    9.589   9.605  -1.220
   93    3  1128.12    27.96    0.037   11.681   8.106  -2.475
   94    3  1128.12    27.96    0.090   13.165   8.029  -2.788
   95   14  1831.79    40.48   -0.025   14.063   9.519  -2.270
   96    2  1586.37    35.05    0.007   15.749   9.014  -2.609
   97    6     0.37     0.31    0.248   10.996   5.970  -1.002
   98    8   735.31    24.25   -0.520    9.228   7.891   0.189
   99    4   769.72    21.49    0.215    7.900   8.353   0.597
  100    1   888.79    24.81    0.526    7.956   9.654   1.398
  101   11   480.19    20.72   -0.500    7.089  10.508   1.261
  102    2  1586.37    35.05    0.031    7.164   7.263   1.388
  103    6     0.37     0.31    0.248    9.516   7.036   0.619
  104    8   735.31    24.25   -0.520    8.992   9.792   2.216
  105    4   769.72    21.49    0.246    9.226  10.971   3.048
  106    1   888.79    24.81    0.526    9.583  12.168   2.160
  107   11   480.19    20.72   -0.500   10.530  12.100   1.375
  108    3  1128.12    27.96   -0.208   10.365  10.641   4.021
  109    1   888.79    24.81    0.620   10.723  11.784   4.980
  110   11   480.19    20.72   -0.706   10.103  12.873   4.978
  111   11   480.19    20.72   -0.706   11.671  11.570   5.761
  112    6     0.37     0.31    0.248    9.695   9.088   2.321
  113    8   735.31    24.25   -0.520    8.810  13.252   2.270
  114    4   769.72    21.49    0.245    9.133  14.504   1.577
  115    1   888.79    24.81    0.526   10.592  14.956   1.792
  116   11   480.19    20.72   -0.500   11.235  15.470   0.865
  117    3  1128.12    27.96    0.022    8.175  15.631   1.990
  118    1   888.79    24.81   -0.001    8.679  17.002   1.592
  119    1   888.79    24.81   -0.035    8.508  17.474   0.293
  120    1   888.79    24.81   -0.035    9.354  17.811   2.505
  121    1   888.79    24.81    0.100    8.986  18.731  -0.084
  122    1   888.79    24.81    0.100    9.837  19.068   2.135
  123    1   888.79    24.81   -0.121    9.646  19.517   0.837
  124   12   500.18    19.68   -0.368   10.111  20.758   0.457
  125    6     0.37     0.31    0.248    7.975  13.288   2.819
  126    6     0.37     0.31    0.339   10.561  21.198   1.234
  127    8   735.31    24.25   -0.520   11.101  14.779   3.011
  128    4   769.72    21.49    0.246   12.484  15.155   3.322
  129    1   888.79    24.81    0.526   13.499  14.314   2.550
  130   11   480.19    20.72   -0.500   14.553  14.816   2.158
  131    3  1128.12    27.96    0.000   12.760  15.081   4.828
  132    3  1128.12    27.96   -0.208   12.006  16.124   5.660
  133    1   888.79    24.81    0.620   12.432  17.559   5.361
  134   11   480.19    20.72   -0.706   13.644  17.801   5.169
  135   11   480.19    20.72   -0.706   11.552  18.448   5.337
  136    6     0.37     0.31    0.248   10.594  14.389   3.779
  137    8   735.31    24.25   -0.520   13.177  13.041   2.331
  138    4   769.72    21.49    0.215   14.040  12.168   1.537
  139    1   888.79    24.81    0.526   14.110  12.642   0.087
  140   11   480.19    20.72   -0.500   15.165  12.562  -0.546
  141    2  1586.37    35.05    0.031   13.572  10.719   1.617
  142    6     0.37     0.31    0.248   12.349  12.602   2.681
  143    8   735.31    24.25   -0.520   12.986  13.150  -0.423
  144    4   769.72    21.49    0.237   12.917  13.648  -1.798
  145    1   888.79    24.81    0.526   13.654  14.977  -1.985
  146   11   480.19    20.72   -0.500   14.436  15.124  -2.928
  147    3  1128.12    27.96    0.049   11.458  13.750  -2.266
  148    3  1128.12    27.96    0.058   10.742  12.401  -2.303
  149    3  1128.12    27.96    0.111    9.442  12.434  -3.104
  150    8   735.31    24.25   -0.493    8.459  13.383  -2.567
  151    1   888.79    24.81    0.813    7.672  13.145  -1.519
  152    8   735.31    24.25   -0.635    7.743  11.986  -0.865
  153    8   735.31    24.25   -0.634    6.809  14.069  -1.121
  154    6     0.37     0.31    0.248   12.128  13.226   0.086
  155    6     0.37     0.31    0.294    8.374  14.271  -3.020
  156    6     0.37     0.31    0.361    8.392  11.285  -1.160
  157    6     0.37     0.31    0.362    7.147  11.818  -0.079
  158    6     0.37     0.31    0.361    6.750  14.941  -1.607
  159    6     0.37     0.31    0.362    6.216  13.894  -0.335
  160    8   735.31    24.25   -0.520   13.408  15.937  -1.093
  161    4   769.72    21.49    0.199   14.063  17.252  -1.184
  162    1   888.79    24.81    0.526   15.597  17.139  -1.093
  163   11   480.19    20.72   -0.500   16.324  17.903  -1.738
  164    4   769.72    21.49    0.030   13.470  18.294  -0.162
  165    3  1128.12    27.96    0.017   13.844  19.734  -0.548
  166    2  1586.37    35.05    0.001   13.906  17.998   1.262
  167    2  1586.37    35.05   -0.001   13.219  20.230  -1.845
  168    6     0.37     0.31    0.248   12.780  15.838  -0.321
  169    8   735.31    24.25   -0.520   16.072  16.162  -0.321
  170    4   769.72    21.49    0.214   17.503  15.878  -0.189
  171    1   888.79    24.81    0.526   18.162  15.549  -1.535
  172   11   480.19    20.72   -0.500   19.304  15.933  -1.778
  173    3  1128.12    27.96    0.038   17.721  14.736   0.818
  174    1   888.79    24.81    0.011   19.168  14.322   0.983
  175    1   888.79    24.81   -0.011   19.990  14.969   1.896
  176    1   888.79    24.81   -0.011   19.698  13.273   0.234
  177    1   888.79    24.81    0.004   21.319  14.588   2.058
  178    1   888.79    24.81    0.004   21.024  12.883   0.389
  179    1   888.79    24.81   -0.003   21.837  13.545   1.303
  180    6     0.37     0.31    0.248   15.488  15.557   0.220
  181    8   735.31    24.25   -0.520   17.444  14.842  -2.406
  182    4   769.72    21.49    0.268   17.995  14.455  -3.711
  183    1   888.79    24.81    0.526   18.235  15.672  -4.612
  184   11   480.19    20.72   -0.500   18.980  15.585  -5.592
  185    4   769.72    21.49    0.211   17.097  13.440  -4.460
  186   12   500.18    19.68   -0.550   15.865  14.070  -4.836
  187    2  1586.37    35.05    0.007   16.805  12.218  -3.591
  188    6     0.37     0.31    0.248   16.507  14.533  -2.241
  189    6     0.37     0.31    0.310   15.308  14.227  -4.021
  190    8   735.31    24.25   -0.520   17.598  16.793  -4.271
  191    4   769.72    21.49    0.214   17.695  18.031  -5.050
  192    1   888.79    24.81    0.526   18.705  19.013  -4.456
  193   11   480.19    20.72   -0.500   18.739  20.179  -4.848
  194    3  1128.12    27.96    0.038   16.323  18.716  -5.148
  195    1   888.79    24.81    0.011   15.317  17.964  -5.973
  196    1   888.79    24.81   -0.011   14.296  17.249  -5.359
  197    1   888.79    24.81   -0.011   15.380  17.983  -7.363
  198    1   888.79    24.81    0.004   13.357  16.559  -6.109
  199    1   888.79    24.81    0.004   14.444  17.288  -8.127
  200    1   888.79    24.81   -0.003   13.433  16.573  -7.498
  201    6     0.37     0.31    0.248   17.012  16.868  -3.464
  202    8   735.31    24.25   -0.520   19.528  18.533  -3.523
  203    4   769.72    21.49    0.246   20.481  19.378  -2.801
  204    1   888.79    24.81    0.526   21.346  20.266  -3.684
  205   11   480.19    20.72   -0.500   21.741  21.358  -3.269
  206    6     0.37     0.31    0.248   19.553  17.571  -3.252
  207    8   735.31    24.25   -0.520   21.640  19.796  -4.897
  208    4   769.72    21.49    0.268   22.500  20.530  -5.834
  209    1   888.79    24.81    0.526   21.845  20.751  -7.207
  210   11   480.19    20.72   -0.500   22.536  20.995  -8.197
  211    4   769.72    21.49    0.211   23.867  19.823  -6.034
  212   12   500.18    19.68   -0.550   23.650  18.501  -6.542
  213    2  1586.37    35.05    0.007   24.651  19.749  -4.725
  214    6     0.37     0.31    0.248   21.301  18.924  -5.250
  215    6     0.37     0.31    0.310   24.530  18.045  -6.673
  216    8   735.31    24.25   -0.520   20.515  20.676  -7.244
  217    4   769.72    21.49    0.248   19.708  20.882  -8.458
  218    1   888.79    24.81    0.526   20.007  22.226  -9.118
  219   11   480.19    20.72   -0.500   19.924  23.269  -8.468
  220    3  1128.12    27.96    0.020   18.234  20.824  -8.061
  221    1   888.79    24.81    0.046   17.216  20.714  -9.157
  222    1   888.79    24.81    0.117   16.311  21.669  -9.530
  223    1   888.79    24.81   -0.275   16.943  19.564  -9.967
  224    8   735.31    24.25   -0.330   15.501  21.192 -10.535
  225    1   888.79    24.81    0.000   15.866  19.902 -10.823
  226    1   888.79    24.81    0.145   17.510  18.285 -10.064
  227    1   888.79    24.81    0.029   15.349  19.009 -11.772
  228    1   888.79    24.81   -0.082   16.984  17.387 -11.004
  229    1   888.79    24.81    0.034   15.916  17.759 -11.843
  230    6     0.37     0.31    0.248   19.964  20.471  -6.435
  231    6     0.37     0.31    0.294   14.766  21.703 -10.982
  232    8   735.31    24.25   -0.520   20.354  22.190 -10.405
  233    4   769.72    21.49    0.199   20.693  23.403 -11.166
  234    1   888.79    24.81    0.526   19.650  23.752 -12.236
  235   11   480.19    20.72   -0.500   19.768  24.770 -12.916
  236    4   769.72    21.49    0.030   22.100  23.310 -11.823
  237    3  1128.12    27.96    0.017   22.139  22.202 -12.891
  238    2  1586.37    35.05    0.001   23.185  23.123 -10.748
  239    2  1586.37    35.05   -0.001   23.477  22.039 -13.593
  240    6     0.37     0.31    0.248   20.408  21.346 -10.939
  241    8   735.31    24.25   -0.520   18.640  22.900 -12.385
  242    4   769.72    21.49    0.245   17.657  23.062 -13.460
  243    1   888.79    24.81    0.526   16.572  24.080 -13.114
  244   11   480.19    20.72   -0.500   16.404  24.446 -11.950
  245    3  1128.12    27.96    0.022   17.101  21.697 -13.885
  246    1   888.79    24.81   -0.001   18.227  20.769 -14.277
  247    1   888.79    24.81   -0.035   18.631  19.730 -13.439
  248    1   888.79    24.81   -0.035   18.935  20.978 -15.461
  249    1   888.79    24.81    0.100   19.699  18.897 -13.789
  250    1   888.79    24.81    0.100   19.998  20.154 -15.821
  251    1   888.79    24.81   -0.121   20.375  19.117 -14.985
  252   12   500.18    19.68   -0.368   21.433  18.310 -15.350
  253    6     0.37     0.31    0.248   18.481  22.110 -11.793
  254    6     0.37     0.31    0.339   21.794  18.612 -16.232
  255    8   735.31    24.25   -0.520   15.857  24.543 -14.138
  256    4   769.72    21.49    0.292   14.913  25.649 -13.985
  257    1   888.79    24.81    0.526   13.723  25.311 -13.091
  258   11   480.19    20.72   -0.500   13.322  26.130 -12.257
  259    3  1128.12    27.96    0.194   14.430  26.146 -15.349
  260   12   500.18    19.68   -0.550   13.694  27.352 -15.201
  261    6     0.37     0.31    0.248   15.913  24.176 -15.066
  262    6     0.37     0.31    0.310   13.386  27.667 -16.099
  263    8   735.31    24.25   -0.520   13.174  24.110 -13.262
  264    4   769.72    21.49    0.201   12.001  23.671 -12.506
  265    1   888.79    24.81    0.526   12.323  23.617 -11.011
  266   11   480.19    20.72   -0.500   13.336  23.043 -10.600
  267    4   769.72    21.49    0.033   11.472  22.307 -13.014
  268    2  1586.37    35.05    0.006   10.195  21.906 -12.287
  269    2  1586.37    35.05    0.006   11.204  22.375 -14.503
  270    6     0.37     0.31    0.248   13.519  23.431 -13.910
  271    8   735.31    24.25   -0.520   11.459  24.248 -10.221
  272    4   769.72    21.49    0.217   11.669  24.438  -8.791
  273    1   888.79    24.81    0.526   11.730  23.121  -8.016
  274   11   480.19    20.72   -0.500   10.838  22.274  -8.133
  275    3  1128.12    27.96    0.003   10.563  25.340  -8.235
  276    1   888.79    24.81    0.675   10.775  25.693  -6.784
  277   11   480.19    20.72   -0.470   10.263  25.018  -5.896
  278    8   735.31    24.25   -0.867   11.540  26.753  -6.533
  279    6     0.37     0.31    0.248   10.601  24.638 -10.554
  280    6     0.37     0.31    0.344   11.718  27.029  -5.588
  281    6     0.37     0.31    0.344   11.937  27.274  -7.289
  282    8   735.31    24.25   -0.520   12.790  22.951  -7.227
  283    4   769.72    21.49    0.227   13.017  21.692  -6.517
  284    1   888.79    24.81    0.526   11.979  21.399  -5.429
  285   11   480.19    20.72   -0.500   11.565  20.251  -5.258
  286    3  1128.12    27.96    0.039   14.449  21.613  -5.966
  287    3  1128.12    27.96    0.053   14.806  22.638  -4.893
  288    3  1128.12    27.96    0.048   16.286  22.549  -4.536
  289    3  1128.12    27.96    0.218   16.632  23.465  -3.369
  290    9   725.70    20.26   -0.272   18.035  23.260  -2.903
  291    6     0.37     0.31    0.248   13.487  23.650  -7.067
  292    6     0.37     0.31    0.311   18.226  23.876  -2.139
  293    6     0.37     0.31    0.311   18.153  22.313  -2.605
  294    6     0.37     0.31    0.311   18.667  23.454  -3.653
  295    8   735.31    24.25   -0.520   11.554  22.437  -4.707
  296    4   769.72    21.49    0.246   10.525  22.280  -3.678
  297    1   888.79    24.81    0.526    9.208  21.828  -4.304
  298   11   480.19    20.72   -0.500    8.555  20.908  -3.797
  299    3  1128.12    27.96    0.000   10.342  23.571  -2.871
  300    3  1128.12    27.96   -0.208   11.467  23.862  -1.862
  301    1   888.79    24.81    0.620   12.708  24.510  -2.477
  302   11   480.19    20.72   -0.706   12.592  25.197  -3.520
  303   11   480.19    20.72   -0.706   13.808  24.342  -1.901
  304    6     0.37     0.31    0.248   11.897  23.371  -4.812
  305    8   735.31    24.25   -0.520    8.835  22.456  -5.418
  306    4   769.72    21.49    0.210    7.637  22.056  -6.161
  307    1   888.79    24.81    0.526    7.721  20.615  -6.669
  308   11   480.19    20.72   -0.500    6.733  19.871  -6.610
  309    3  1128.12    27.96    0.053    7.374  23.005  -7.327
  310    3  1128.12    27.96   -0.043    6.988  24.415  -6.917
  311    1   888.79    24.81    0.675    6.647  25.292  -8.107
  312   11   480.19    20.72   -0.470    6.858  24.913  -9.261
  313    8   735.31    24.25   -0.867    6.114  26.473  -7.831
  314    6     0.37     0.31    0.248    9.332  23.226  -5.818
  315    6     0.37     0.31    0.344    5.866  27.096  -8.573
  316    6     0.37     0.31    0.344    5.959  26.742  -6.880
  317    8   735.31    24.25   -0.520    8.898  20.229  -7.161
  318    4   769.72    21.49    0.204    9.143  18.857  -7.602
  319    1   888.79    24.81    0.526    8.960  17.857  -6.460
  320   11   480.19    20.72   -0.500    8.208  16.892  -6.600
  321    3  1128.12    27.96    0.016   10.539  18.714  -8.215
  322    4   769.72    21.49    0.054   10.744  19.221  -9.648
  323    2  1586.37    35.05   -0.014   12.225  19.372  -9.942
  324    2  1586.37    35.05   -0.014   10.082  18.292 -10.659
  325    6     0.37     0.31    0.248    9.684  20.839  -7.262
  326    8   735.31    24.25   -0.520    9.636  18.098  -5.335
  327    4   769.72    21.49    0.215    9.516  17.228  -4.153
  328    1   888.79    24.81    0.526    8.094  17.186  -3.587
  329   11   480.19    20.72   -0.500    7.620  16.125  -3.179
  330    2  1586.37    35.05    0.031   10.510  17.636  -3.074
  331    6     0.37     0.31    0.248   10.260  18.870  -5.215
  332    8   735.31    24.25   -0.520    7.412  18.331  -3.567
  333    4   769.72    21.49    0.237    6.028  18.375  -3.092
  334    1   888.79    24.81    0.526    5.116  17.587  -4.024
  335   11   480.19    20.72   -0.500    4.133  17.000  -3.578
  336    3  1128.12    27.96    0.049    5.517  19.814  -2.944
  337    3  1128.12    27.96    0.058    6.244  20.670  -1.901
  338    3  1128.12    27.96    0.111    5.858  20.336  -0.469
  339    8   735.31    24.25   -0.493    6.637  21.128   0.486
  340    1   888.79    24.81    0.813    6.702  20.891   1.795
  341    8   735.31    24.25   -0.635    6.036  19.874   2.330
  342    8   735.31    24.25   -0.634    7.445  21.673   2.574
  343    6     0.37     0.31    0.248    7.781  19.212  -3.864
  344    6     0.37     0.31    0.294    7.158  21.903   0.129
  345    6     0.37     0.31    0.361    5.480  19.279   1.749
  346    6     0.37     0.31    0.362    6.090  19.703   3.314
  347    6     0.37     0.31    0.361    7.953  22.437   2.176
  348    6     0.37     0.31    0.362    7.495  21.497   3.557
  349    8   735.31    24.25   -0.520    5.466  17.549  -5.309
  350    4   769.72    21.49    0.215    4.667  16.830  -6.297
  351    1   888.79    24.81    0.526    4.972  15.331  -6.333
  352   11   480.19    20.72   -0.500    4.443  14.605  -7.175
  353    2  1586.37    35.05    0.031    4.826  17.464  -7.683
  354    6     0.37     0.31    0.248    6.279  17.998  -5.681
  355    8   735.31    24.25   -0.520    5.814  14.875  -5.406
  356    4   769.72    21.49    0.246    6.128  13.453  -5.263
  357    1   888.79    24.81    0.526    7.408  12.983  -5.934
  358   11   480.19    20.72   -0.500    7.762  11.806  -5.838
  359    6     0.37     0.31    0.248    6.286  15.464  -4.750
  360    8   735.31    24.25   -0.520    8.120  13.898  -6.591
  361    4   769.72    21.49    0.214    9.308  13.531  -7.365
  362    1   888.79    24.81    0.526   10.614  13.588  -6.575
  363   11   480.19    20.72   -0.500   10.780  14.418  -5.680
  364    3  1128.12    27.96    0.038    9.458  14.417  -8.612
  365    1   888.79    24.81    0.011    8.339  14.278  -9.601
  366    1   888.79    24.81   -0.011    8.195  13.114 -10.357
  367    1   888.79    24.81   -0.011    7.435  15.320  -9.789
  368    1   888.79    24.81    0.004    7.165  12.988 -11.281
  369    1   888.79    24.81    0.004    6.398  15.200 -10.705
  370    1   888.79    24.81   -0.003    6.262  14.036 -11.455
  371    6     0.37     0.31    0.248    7.902  14.874  -6.604
  372    8   735.31    24.25   -0.520   11.528  12.687  -6.925
  373    4   769.72    21.49    0.245   12.919  12.766  -6.482
  374    1   888.79    24.81    0.526   13.878  12.690  -7.677
  375   11   480.19    20.72   -0.500   13.567  12.081  -8.711
  376    3  1128.12    27.96    0.022   13.239  11.692  -5.430
  377    1   888.79    24.81   -0.001   13.034  10.255  -5.877
  378    1   888.79    24.81   -0.035   14.101   9.497  -6.360
  379    1   888.79    24.81   -0.035   11.777   9.648  -5.796
  380    1   888.79    24.81    0.100   13.921   8.181  -6.768
  381    1   888.79    24.81    0.100   11.587   8.327  -6.197
  382    1   888.79    24.81   -0.121   12.665   7.603  -6.680
  383   12   500.18    19.68   -0.368   12.495   6.304  -7.082
  384    6     0.37     0.31    0.248   11.331  11.900  -7.510
  385    6     0.37     0.31    0.339   11.540   6.038  -6.955
  386    8   735.31    24.25   -0.520   15.031  13.335  -7.537
  387    4   769.72    21.49    0.215   16.032  13.376  -8.603
  388    1   888.79    24.81    0.526   16.810  12.064  -8.676
  389   11   480.19    20.72   -0.500   17.196  11.501  -7.648
  390    2  1586.37    35.05    0.031   16.976  14.537  -8.389
  391    6     0.37     0.31    0.248   15.293  13.830  -6.709
  392    8   735.31    24.25   -0.520   17.038  11.585  -9.895
  393    4   769.72    21.49    0.204   17.777  10.340 -10.102
  394    1   888.79    24.81    0.526   19.294  10.550 -10.203
  395   11   480.19    20.72   -0.500   20.062   9.587 -10.166
  396    3  1128.12    27.96    0.016   17.241   9.592 -11.332
  397    4   769.72    21.49    0.054   15.787   9.104 -11.288
  398    2  1586.37    35.05   -0.014   15.409   8.414 -12.593
  399    2  1586.37    35.05   -0.014   15.540   8.177 -10.091
  400    6     0.37     0.31    0.248   16.730  12.028 -10.737
  401    8   735.31    24.25   -0.520   19.722  11.805 -10.312
  402    4   769.72    21.49    0.246   21.145  12.129 -10.458
  403    1   888.79    24.81    0.526   21.667  11.875 -11.863
  404   11   480.19    20.72   -0.500   22.837  11.535 -12.054
  405    6     0.37     0.31    0.248   19.118  12.602 -10.303
  406    8   735.31    24.25   -0.520   20.791  12.040 -12.848
  407    4   769.72    21.49    0.246   21.152  11.876 -14.253
  408    1   888.79    24.81    0.526   20.403  12.933 -15.042
  409   11   480.19    20.72   -0.500   19.221  12.766 -15.339
  410    3  1128.12    27.96    0.000   20.772  10.473 -14.736
  411    3  1128.12    27.96   -0.208   21.232  10.138 -16.154
  412    1   888.79    24.81    0.620   20.707   8.795 -16.639
  413   11   480.19    20.72   -0.706   20.658   7.844 -15.826
  414   11   480.19    20.72   -0.706   20.343   8.694 -17.831
  415    6     0.37     0.31    0.248   19.833  12.285 -12.700
  416    8   735.31    24.25   -0.520   21.090  14.026 -15.372
  417    4   769.72    21.49    0.246   20.437  15.194 -15.953
  418    1   888.79    24.81    0.526   19.280  15.654 -15.082
  419   11   480.19    20.72   -0.500   19.369  15.634 -13.848
  420    6     0.37     0.31    0.248   22.078  14.123 -15.249
  421    8   735.31    24.25   -0.520   18.182  16.049 -15.720
  422    4   769.72    21.49    0.246   17.001  16.499 -14.989
  423    1   888.79    24.81    0.526   15.955  15.396 -14.778
  424   11   480.19    20.72   -0.500   14.788  15.693 -14.521
  425    3  1128.12    27.96   -0.208   16.380  17.739 -15.661
  426    1   888.79    24.81    0.620   15.784  17.441 -17.041
  427   11   480.19    20.72   -0.706   15.915  16.305 -17.539
  428   11   480.19    20.72   -0.706   15.177  18.359 -17.634
  429    6     0.37     0.31    0.248   18.087  16.067 -16.715
  430    8   735.31    24.25   -0.520   16.377  14.135 -14.879
  431    4   769.72    21.49    0.227   15.468  12.996 -14.702
  432    1   888.79    24.81    0.526   14.959  12.921 -13.269
  433   11   480.19    20.72   -0.500   15.741  12.993 -12.316
  434    3  1128.12    27.96    0.039   16.147  11.676 -15.069
  435    3  1128.12    27.96    0.053   16.285  11.431 -16.559
  436    3  1128.12    27.96    0.048   16.776  10.021 -16.834
  437    3  1128.12    27.96    0.218   16.741   9.714 -18.321
  438    9   725.70    20.26   -0.272   17.059   8.284 -18.598
  439    6     0.37     0.31    0.248   17.323  13.879 -15.078
  440    6     0.37     0.31    0.311   17.026   8.120 -19.584
  441    6     0.37     0.31    0.311   17.975   8.073 -18.255
  442    6     0.37     0.31    0.311   16.390   7.699 -18.141
  443    8   735.31    24.25   -0.520   13.642  12.789 -13.134
  444    4   769.72    21.49    0.201   13.007  12.635 -11.830
  445    1   888.79    24.81    0.526   12.057  11.441 -11.861
  446   11   480.19    20.72   -0.500   11.695  10.954 -12.929
  447    4   769.72    21.49    0.033   12.252  13.923 -11.370
  448    2  1586.37    35.05    0.006   13.213  15.096 -11.221
  449    2  1586.37    35.05    0.006   11.095  14.275 -12.322
  450    6     0.37     0.31    0.248   13.003  12.786 -13.903
  451    8   735.31    24.25   -0.520   11.665  10.971 -10.686
  452    4   769.72    21.49    0.227   10.787   9.821 -10.587
  453    1   888.79    24.81    0.526    9.862  10.026  -9.398
  454   11   480.19    20.72   -0.500   10.273  10.561  -8.372
  455    3  1128.12    27.96    0.039   11.618   8.549 -10.415
  456    3  1128.12    27.96    0.053   10.885   7.253 -10.714
  457    3  1128.12    27.96    0.048   11.846   6.075 -10.616
  458    3  1128.12    27.96    0.218   11.170   4.760 -10.963
  459    9   725.70    20.26   -0.272   10.994   4.595 -12.437
  460    6     0.37     0.31    0.248   11.937  11.362  -9.807
  461    6     0.37     0.31    0.311   10.547   3.720 -12.624
  462    6     0.37     0.31    0.311   10.429   5.340 -12.791
  463    6     0.37     0.31    0.311   11.888   4.614 -12.884
  464    8   735.31    24.25   -0.520    8.608   9.619  -9.549
  465    4   769.72    21.49    0.146    7.660   9.672  -8.440
  466    1   888.79    24.81    0.526    7.843   8.457  -7.545
  467   11   480.19    20.72   -0.500    7.955   7.332  -8.035
  468    3  1128.12    27.96    0.100    6.237   9.722  -8.974
  469   14  1831.79    40.48   -0.135    4.927   9.655  -7.739
  470    6     0.37     0.31    0.248    8.232   9.259 -10.403
  471    8   735.31    24.25   -0.520    7.873   8.688  -6.233
  472    4   769.72    21.49    0.214    8.063   7.613  -5.266
  473    1   888.79    24.81    0.526    6.857   6.680  -5.237
  474   11   480.19    20.72   -0.500    6.971   5.520  -4.851
  475    3  1128.12    27.96    0.038    8.269   8.186  -3.864
  476    1   888.79    24.81    0.011    6.987   8.578  -3.177
  477    1   888.79    24.81   -0.011    6.335   7.683  -2.324
  478    1   888.79    24.81   -0.011    6.422   9.828  -3.394
  479    1   888.79    24.81    0.004    5.148   8.033  -1.692
  480    1   888.79    24.81    0.004    5.237  10.193  -2.767
  481    1   888.79    24.81   -0.003    4.591   9.291  -1.918
  482    6     0.37     0.31    0.248    7.770   9.595  -5.825
  483    8   735.31    24.25   -0.520    5.698   7.212  -5.618
  484    4   769.72    21.49    0.195    4.445   6.491  -5.473
  485    1   888.79    24.81    0.526    4.097   5.661  -6.710
  486   11   480.19    20.72   -0.500    4.065   4.429  -6.631
  487    3  1128.12    27.96    0.211    3.302   7.441  -5.106
  488    1   888.79    24.81    0.103    2.131   6.747  -4.484
  489    8   735.31    24.25   -0.613    1.328   5.872  -5.183
  490    1   888.79    24.81    0.353    1.642   6.783  -3.224
  491    1   888.79    24.81    0.719    0.393   5.399  -4.379
  492    8   735.31    24.25   -0.686    0.561   5.937  -3.184
  493    6     0.37     0.31    0.248    5.607   8.123  -6.021
  494    6     0.37     0.31    0.478    1.436   5.633  -6.148
  495    6     0.37     0.31    0.486   -0.007   5.757  -2.381
  496    8   735.31    24.25   -0.520    3.833   6.324  -7.839
  497    4   769.72    21.49    0.146    3.478   5.613  -9.083
  498    1   888.79    24.81    0.526    4.685   5.059  -9.859
  499   11   480.19    20.72   -0.500    4.515   4.260 -10.780
  500    3  1128.12    27.96    0.100    2.624   6.490 -10.015
  501   14  1831.79    40.48   -0.135    3.494   7.904 -10.745
  502    6     0.37     0.31    0.248    3.856   7.320  -7.922
  503    8   735.31    24.25   -0.520    5.890   5.510  -9.509
  504    4   769.72    21.49    0.246    7.109   5.059 -10.192
  505    1   888.79    24.81    0.526    7.331   5.722 -11.541
  506   11   480.19    20.72   -0.500    8.253   5.363 -12.271
  507    6     0.37     0.31    0.248    6.048   6.171  -8.775
  508    8   735.31    24.25   -0.520    6.490   6.701 -11.864
  509    4   769.72    21.49    0.246    6.548   7.385 -13.151
  510    1   888.79    24.81    0.526    7.712   8.349 -13.237
  511   11   480.19    20.72   -0.500    7.903   9.172 -12.345
  512    6     0.37     0.31    0.248    5.768   7.034 -11.257
  513    8   735.31    24.25   -0.520    8.492   8.233 -14.311
  514    4   769.72    21.49    0.246    9.638   9.106 -14.540
  515    1   888.79    24.81    0.526    9.325  10.217 -15.522
  516   11   480.19    20.72   -0.500    8.480  10.054 -16.403
  517    6     0.37     0.31    0.248    8.350   7.549 -15.027
  518    8   735.31    24.25   -0.520    9.993  11.355 -15.353
  519    4   769.72    21.49    0.204    9.894  12.466 -16.295
  520    1   888.79    24.81    0.526   11.248  13.120 -16.484
  521   11   480.19    20.72   -0.500   12.020  13.258 -15.534
  522    3  1128.12    27.96    0.016    8.877  13.520 -15.821
  523    4   769.72    21.49    0.054    7.386  13.152 -15.857
  524    2  1586.37    35.05   -0.014    6.573  14.231 -15.155
  525    2  1586.37    35.05   -0.014    6.888  12.938 -17.287
  526    6     0.37     0.31    0.248   10.602  11.529 -14.580
  527    8   735.31    24.25   -0.520   11.519  13.523 -17.721
  528    4   769.72    21.49    0.268   12.778  14.166 -18.077
  529    1   888.79    24.81    0.526   12.506  15.312 -19.049
  530   11   480.19    20.72   -0.500   11.369  15.491 -19.497
  531    4   769.72    21.49    0.211   13.785  13.140 -18.682
  532   12   500.18    19.68   -0.550   15.076  13.747 -18.808
  533    2  1586.37    35.05    0.007   13.331  12.639 -20.051
  534    6     0.37     0.31    0.248   10.886  13.415 -18.488
  535    6     0.37     0.31    0.310   15.719  13.086 -19.194
  536    8   735.31    24.25   -0.520   13.543  16.093 -19.358
  537    4   769.72    21.49    0.246   13.452  17.174 -20.344
  538    1   888.79    24.81    0.526   12.387  18.203 -19.940
  539   11   480.19    20.72   -0.500   11.460  18.511 -20.698
  540    3  1128.12    27.96   -0.208   13.212  16.608 -21.758
  541    1   888.79    24.81    0.620   13.593  17.584 -22.862
  542   11   480.19    20.72   -0.706   14.535  18.385 -22.669
  543   11   480.19    20.72   -0.706   12.955  17.537 -23.937
  544    6     0.37     0.31    0.248   14.448  15.997 -18.943
  545    8   735.31    24.25   -0.520   12.536  18.714 -18.722
  546    4   769.72    21.49    0.248   11.677  19.758 -18.189
  547    1   888.79    24.81    0.526   11.885  21.071 -18.935
  548   11   480.19    20.72   -0.500   13.022  21.475 -19.196
  549    3  1128.12    27.96    0.020   11.956  19.945 -16.702
  550    1   888.79    24.81    0.046   11.485  18.797 -15.873
  551    1   888.79    24.81    0.117   12.193  17.677 -15.544
  552    1   888.79    24.81   -0.275   10.189  18.644 -15.280
  553    8   735.31    24.25   -0.330   11.421  16.838 -14.775
  554    1   888.79    24.81    0.000   10.186  17.407 -14.597
  555    1   888.79    24.81    0.145    9.032  19.437 -15.253
  556    1   888.79    24.81    0.029    9.067  16.936 -13.894
  557    1   888.79    24.81   -0.082    7.916  18.970 -14.557
  558    1   888.79    24.81    0.034    7.944  17.728 -13.887
  559    6     0.37     0.31    0.248   13.249  18.417 -18.087
  560    6     0.37     0.31    0.294   11.713  15.956 -14.405
  561    8   735.31    24.25   -0.520   10.777  21.721 -19.284
  562    4   769.72    21.49    0.227   10.802  22.980 -20.024
  563    1   888.79    24.81    0.526   10.607  24.171 -19.085
  564   11   480.19    20.72   -0.500   10.102  24.000 -17.972
  565    3  1128.12    27.96    0.039    9.739  22.976 -21.134
  566    3  1128.12    27.96    0.053    9.939  21.904 -22.206
  567    3  1128.12    27.96    0.048   11.289  22.036 -22.908
  568    3  1128.12    27.96    0.218   11.451  20.996 -24.003
  569    9   725.70    20.26   -0.272   12.840  20.977 -24.536
  570    6     0.37     0.31    0.248    9.856  21.397 -19.066
  571    6     0.37     0.31    0.311   12.913  20.284 -25.253
  572    6     0.37     0.31    0.311   13.064  21.874 -24.917
  573    6     0.37     0.31    0.311   13.478  20.760 -23.797
  574    8   735.31    24.25   -0.257   11.020  25.380 -19.521
  575    4   769.72    21.49    0.112   10.864  26.569 -18.677
  576    1   888.79    24.81    0.526    9.401  26.848 -18.340
  577   11   480.19    20.72   -0.500    8.523  26.675 -19.194
  578    3  1128.12    27.96   -0.001   11.431  27.699 -19.548
  579    3  1128.12    27.96    0.036   12.306  27.021 -20.540
  580    3  1128.12    27.96    0.084   11.655  25.707 -20.810
  581    8   735.31    24.25   -0.520    9.161  27.257 -17.095
  582    4   769.72    21.49    0.292    7.825  27.604 -16.581
  583    1   888.79    24.81    0.526    6.872  26.416 -16.390
  584   11   480.19    20.72   -0.500    5.692  26.610 -16.087
  585    3  1128.12    27.96    0.194    7.161  28.706 -17.426
  586   12   500.18    19.68   -0.550    7.880  29.926 -17.337
  587    6     0.37     0.31    0.248    9.884  27.358 -16.412
  588    6     0.37     0.31    0.310    7.428  30.621 -17.896
  589    8   735.31    24.25   -0.520    7.385  25.196 -16.548
  590    4   769.72    21.49    0.246    6.569  23.994 -16.361
  591    1   888.79    24.81    0.526    6.293  23.705 -14.897
  592   11   480.19    20.72   -0.500    7.153  23.902 -14.039
  593    3  1128.12    27.96    0.000    7.220  22.772 -16.998
  594    3  1128.12    27.96   -0.208    7.039  22.709 -18.491
  595    1   888.79    24.81    0.620    7.291  21.332 -19.042
  596   11   480.19    20.72   -0.706    8.237  20.650 -18.577
  597   11   480.19    20.72   -0.706    6.537  20.935 -19.952
  598    6     0.37     0.31    0.248    8.336  25.017 -16.798
  599    8   735.31    24.25   -0.520    5.086  23.219 -14.633
  600    4   769.72    21.49    0.246    4.635  22.934 -13.278
  601    1   888.79    24.81    0.526    4.658  21.428 -13.006
  602   11   480.19    20.72   -0.500    4.038  20.658 -13.744
  603    3  1128.12    27.96   -0.208    3.236  23.520 -13.052
  604    1   888.79    24.81    0.620    2.702  23.232 -11.661
  605   11   480.19    20.72   -0.706    2.953  24.041 -10.744
  606   11   480.19    20.72   -0.706    2.059  22.182 -11.479
  607    6     0.37     0.31    0.248    4.407  23.016 -15.338
  608    8   735.31    24.25   -0.257    5.395  21.001 -11.958
  609    4   769.72    21.49    0.112    5.531  19.583 -11.611
  610    1   888.79    24.81    0.526    4.201  18.834 -11.450
  611   11   480.19    20.72   -0.500    4.063  17.727 -11.969
  612    3  1128.12    27.96   -0.001    6.301  19.623 -10.285
  613    3  1128.12    27.96    0.036    7.102  20.874 -10.373
  614    3  1128.12    27.96    0.084    6.184  21.858 -11.050
  615    8   735.31    24.25   -0.520    3.236  19.435 -10.753
  616    4   769.72    21.49    0.248    1.918  18.820 -10.553
  617    1   888.79    24.81    0.526    1.164  18.623 -11.870
  618   11   480.19    20.72   -0.500    0.555  17.572 -12.085
  619    3  1128.12    27.96    0.020    1.057  19.670  -9.617
  620    1   888.79    24.81    0.046    1.461  19.638  -8.184
  621    1   888.79    24.81    0.117    2.088  20.629  -7.489
  622    1   888.79    24.81   -0.275    1.253  18.568  -7.258
  623    8   735.31    24.25   -0.330    2.289  20.243  -6.186
  624    1   888.79    24.81    0.000    1.782  18.982  -6.016
  625    1   888.79    24.81    0.145    0.676  17.295  -7.358
  626    1   888.79    24.81    0.029    1.746  18.173  -4.879
  627    1   888.79    24.81   -0.082    0.643  16.485  -6.222
  628    1   888.79    24.81    0.034    1.179  16.930  -5.002
  629    6     0.37     0.31    0.248    3.338  20.332 -10.324
  630    6     0.37     0.31    0.294    2.733  20.792  -5.478
  631    8   735.31    24.25   -0.520    1.193  19.641 -12.733
  632    4   769.72    21.49    0.246    0.523  19.589 -14.034
  633    1   888.79    24.81    0.526    1.092  18.464 -14.882
  634   11   480.19    20.72   -0.500    0.340  17.677 -15.455
  635    3  1128.12    27.96    0.000    0.656  20.917 -14.788
  636    3  1128.12    27.96   -0.208   -0.216  22.053 -14.256
  637    1   888.79    24.81    0.620   -0.071  23.340 -15.066
  638   11   480.19    20.72   -0.706    0.536  23.303 -16.160
  639   11   480.19    20.72   -0.706   -0.573  24.392 -14.608
  640    6     0.37     0.31    0.248    1.669  20.502 -12.555
  641    8   735.31    24.25   -0.520    2.421  18.395 -14.952
  642    4   769.72    21.49    0.210    3.112  17.352 -15.720
  643    1   888.79    24.81    0.526    2.874  15.969 -15.117
  644   11   480.19    20.72   -0.500    2.683  14.996 -15.847
  645    3  1128.12    27.96    0.053    4.611  17.642 -15.823
  646    3  1128.12    27.96   -0.043    4.953  18.878 -16.654
  647    1   888.79    24.81    0.675    4.447  18.790 -18.082
  648   11   480.19    20.72   -0.470    4.883  17.940 -18.860
  649    8   735.31    24.25   -0.867    3.521  19.672 -18.433
  650    6     0.37     0.31    0.248    3.034  19.039 -14.494
  651    6     0.37     0.31    0.344    3.149  19.664 -19.361
  652    6     0.37     0.31    0.344    3.195  20.345 -17.770
  653    8   735.31    24.25   -0.520    2.883  15.894 -13.787
  654    4   769.72    21.49    0.219    2.597  14.652 -13.073
  655    1   888.79    24.81    0.526    1.216  14.136 -13.471
  656   11   480.19    20.72   -0.500    1.068  12.977 -13.858
  657    3  1128.12    27.96    0.060    2.648  14.876 -11.556
  658    1   888.79    24.81    0.089    2.943  13.640 -10.762
  659    8   735.31    24.25   -0.444    3.437  13.688  -9.476
  660    1   888.79    24.81    0.145    2.822  12.325 -11.069
  661    1   888.79    24.81    0.384    3.601  12.458  -9.021
  662    8   735.31    24.25   -0.527    3.240  11.612  -9.970
  663    6     0.37     0.31    0.248    3.083  16.671 -13.190
  664    6     0.37     0.31    0.320    3.640  14.524  -8.966
  665    8   735.31    24.25   -0.520    0.210  15.006 -13.388
  666    4   769.72    21.49    0.215   -1.159  14.614 -13.718
  667    1   888.79    24.81    0.526   -1.354  14.302 -15.200
  668   11   480.19    20.72   -0.500   -2.126  13.417 -15.549
  669    2  1586.37    35.05    0.031   -2.142  15.673 -13.263
  670    6     0.37     0.31    0.248    0.313  15.959 -13.104
  671    8   735.31    24.25   -0.520   -0.662  15.043 -16.063
  672    4   769.72    21.49    0.227   -0.753  14.841 -17.506
  673    1   888.79    24.81    0.526   -0.311  13.437 -17.912
  674   11   480.19    20.72   -0.500   -1.019  12.742 -18.639
  675    3  1128.12    27.96    0.039    0.095  15.890 -18.225
  676    3  1128.12    27.96    0.053    0.042  15.836 -19.745
  677    3  1128.12    27.96    0.048    0.700  17.089 -20.301
  678    3  1128.12    27.96    0.218    0.603  17.161 -21.808
  679    9   725.70    20.26   -0.272    1.821  16.602 -22.448
  680    6     0.37     0.31    0.248   -0.041  15.778 -15.790
  681    6     0.37     0.31    0.311    1.733  16.661 -23.442
  682    6     0.37     0.31    0.311    2.622  17.123 -22.154
  683    6     0.37     0.31    0.311    1.930  15.645 -22.180
  684    8   735.31    24.25   -0.520    0.846  13.019 -17.411
  685    4   769.72    21.49    0.248    1.465  11.768 -17.841
  686    1   888.79    24.81    0.526    1.040  10.566 -17.002
  687   11   480.19    20.72   -0.500    0.985   9.445 -17.501
  688    3  1128.12    27.96    0.020    2.991  11.916 -17.856
  689    1   888.79    24.81    0.046    3.450  12.902 -18.900
  690    1   888.79    24.81    0.117    3.918  14.167 -18.690
  691    1   888.79    24.81   -0.275    3.450  12.703 -20.317
  692    8   735.31    24.25   -0.330    4.225  14.766 -19.894
  693    1   888.79    24.81    0.000    3.946  13.887 -20.907
  694    1   888.79    24.81    0.145    3.086  11.634 -21.145
  695    1   888.79    24.81    0.029    4.079  14.036 -22.291
  696    1   888.79    24.81   -0.082    3.224  11.781 -22.523
  697    1   888.79    24.81    0.034    3.717  12.974 -23.076
  698    6     0.37     0.31    0.248    1.366  13.519 -16.718
  699    6     0.37     0.31    0.294    4.591  15.690 -20.009
  700    8   735.31    24.25   -0.520    0.723  10.812 -15.733
  701    4   769.72    21.49    0.245    0.404   9.743 -14.785
  702    1   888.79    24.81    0.526   -0.891  10.010 -13.995
  703   11   480.19    20.72   -0.500   -0.876  10.043 -12.756
  704    3  1128.12    27.96    0.022    1.601   9.516 -13.845
  705    1   888.79    24.81   -0.001    2.896   9.253 -14.585
  706    1   888.79    24.81   -0.035    3.926  10.205 -14.609
  707    1   888.79    24.81   -0.035    3.084   8.064 -15.291
  708    1   888.79    24.81    0.100    5.116   9.959 -15.308
  709    1   888.79    24.81    0.100    4.260   7.815 -15.991
  710    1   888.79    24.81   -0.121    5.270   8.763 -16.000
  711   12   500.18    19.68   -0.368    6.431   8.499 -16.693
  712    6     0.37     0.31    0.248    0.680  11.731 -15.341
  713    6     0.37     0.31    0.339    7.180   9.039 -16.308
  714    8   735.31    24.25   -0.257   -2.028  10.174 -14.708
  715    4   769.72    21.49    0.112   -3.288  10.547 -14.046
  716    1   888.79    24.81    0.526   -3.773   9.531 -13.011
  717   11   480.19    20.72   -0.500   -4.580   9.877 -12.153
  718    3  1128.12    27.96   -0.001   -4.287  10.651 -15.209
  719    3  1128.12    27.96    0.036   -3.683   9.829 -16.310
  720    3  1128.12    27.96    0.084   -2.204  10.034 -16.165
  721    8   735.31    24.25   -0.520   -3.265   8.301 -13.085
  722    4   769.72    21.49    0.246   -3.681   7.245 -12.167
  723    1   888.79    24.81    0.526   -2.886   7.195 -10.878
  724   11   480.19    20.72   -0.500   -3.155   6.360 -10.011
  725    6     0.37     0.31    0.248   -2.580   8.019 -13.757
  726    8   735.31    24.25   -0.520   -1.909   8.087 -10.743
  727    4   769.72    21.49    0.146   -1.074   8.123  -9.549
  728    1   888.79    24.81    0.526   -1.896   8.434  -8.310
  729   11   480.19    20.72   -0.500   -2.600   9.446  -8.254
  730    3  1128.12    27.96    0.100    0.020   9.168  -9.692
  731   14  1831.79    40.48   -0.135    1.024   9.302  -8.217
  732    6     0.37     0.31    0.248   -1.682   8.778 -11.430
  733    8   735.31    24.25   -0.520   -1.794   7.570  -7.307
  734    4   769.72    21.49    0.227   -2.616   7.735  -6.122
  735    1   888.79    24.81    0.526   -2.075   8.783  -5.143
  736   11   480.19    20.72   -0.500   -2.832   9.313  -4.334
  737    3  1128.12    27.96    0.039   -2.900   6.382  -5.458
  738    3  1128.12    27.96    0.053   -3.708   5.405  -6.354
  739    3  1128.12    27.96    0.048   -5.074   5.980  -6.745
  740    3  1128.12    27.96    0.218   -5.960   4.953  -7.437
  741    9   725.70    20.26   -0.272   -5.559   4.706  -8.853
  742    6     0.37     0.31    0.248   -1.177   6.783  -7.292
  743    6     0.37     0.31    0.311   -6.170   4.027  -9.259
  744    6     0.37     0.31    0.311   -5.619   5.560  -9.371
  745    6     0.37     0.31    0.311   -4.619   4.366  -8.879
  746    8   735.31    24.25   -0.520   -0.787   9.114  -5.235
  747    4   769.72    21.49    0.245   -0.263  10.252  -4.464
  748    1   888.79    24.81    0.526   -0.925  11.533  -4.971
  749   11   480.19    20.72   -0.500   -1.383  12.368  -4.193
  750    3  1128.12    27.96    0.022    1.264  10.360  -4.575
  751    1   888.79    24.81   -0.001    1.857  11.583  -3.894
  752    1   888.79    24.81   -0.035    2.001  11.634  -2.507
  753    1   888.79    24.81   -0.035    2.276  12.690  -4.638
  754    1   888.79    24.81    0.100    2.550  12.762  -1.874
  755    1   888.79    24.81    0.100    2.815  13.820  -4.015
  756    1   888.79    24.81   -0.121    2.960  13.845  -2.641
  757   12   500.18    19.68   -0.368    3.496  14.963  -2.028
  758    6     0.37     0.31    0.248   -0.115   8.640  -5.804
  759    6     0.37     0.31    0.339    3.902  15.561  -2.720
  760    8   735.31    24.25   -0.520   -0.970  11.676  -6.290
  761    4   769.72    21.49    0.204   -1.651  12.800  -6.908
  762    1   888.79    24.81    0.526   -3.123  12.866  -6.479
  763   11   480.19    20.72   -0.500   -3.620  13.936  -6.115
  764    3  1128.12    27.96    0.016   -1.509  12.701  -8.429
  765    4   769.72    21.49    0.054   -2.381  13.516  -9.375
  766    2  1586.37    35.05   -0.014   -2.059  15.005  -9.328
  767    2  1586.37    35.05   -0.014   -2.192  12.963 -10.778
  768    6     0.37     0.31    0.248   -0.551  11.039  -6.937
  769    8   735.31    24.25   -0.520   -3.817  11.727  -6.512
  770    4   769.72    21.49    0.204   -5.223  11.674  -6.094
  771    1   888.79    24.81    0.526   -5.400  12.087  -4.628
  772   11   480.19    20.72   -0.500   -6.326  12.828  -4.291
  773    3  1128.12    27.96    0.016   -5.812  10.276  -6.315
  774    4   769.72    21.49    0.054   -7.340  10.143  -6.296
  775    2  1586.37    35.05   -0.014   -7.981  10.849  -7.482
  776    2  1586.37    35.05   -0.014   -7.745   8.665  -6.275
  777    6     0.37     0.31    0.248   -3.441  10.851  -6.815
  778    8   735.31    24.25   -0.520   -4.495  11.623  -3.772
  779    4   769.72    21.49    0.246   -4.573  11.900  -2.337
  780    1   888.79    24.81    0.526   -4.300  13.365  -2.013
  781   11   480.19    20.72   -0.500   -4.917  13.937  -1.114
  782    3  1128.12    27.96    0.000   -3.621  10.974  -1.565
  783    3  1128.12    27.96   -0.208   -4.082   9.514  -1.558
  784    1   888.79    24.81    0.620   -2.986   8.524  -1.175
  785   11   480.19    20.72   -0.706   -1.895   8.959  -0.749
  786   11   480.19    20.72   -0.706   -3.221   7.306  -1.310
  787    6     0.37     0.31    0.248   -3.711  11.063  -4.040
  788    8   735.31    24.25   -0.520   -3.380  13.967  -2.759
  789    4   769.72    21.49    0.210   -2.967  15.333  -2.512
  790    1   888.79    24.81    0.526   -3.874  16.346  -3.202
  791   11   480.19    20.72   -0.500   -4.469  17.204  -2.545
  792    3  1128.12    27.96    0.053   -1.508  15.532  -2.939
  793    3  1128.12    27.96   -0.043   -0.958  16.924  -2.645
  794    1   888.79    24.81    0.675   -1.198  17.375  -1.214
  795   11   480.19    20.72   -0.470   -1.363  16.555  -0.302
  796    8   735.31    24.25   -0.867   -1.212  18.689  -1.007
  797    6     0.37     0.31    0.248   -2.915  13.530  -3.529
  798    6     0.37     0.31    0.344   -1.360  19.048  -0.086
  799    6     0.37     0.31    0.344   -1.074  19.317  -1.773
  800    8   735.31    24.25   -0.520   -3.972  16.235  -4.523
  801    4   769.72    21.49    0.227   -4.712  17.200  -5.340
  802    1   888.79    24.81    0.526   -6.193  16.878  -5.509
  803   11   480.19    20.72   -0.500   -7.009  17.782  -5.660
  804    3  1128.12    27.96    0.039   -4.061  17.343  -6.720
  805    3  1128.12    27.96    0.053   -2.623  17.853  -6.689
  806    3  1128.12    27.96    0.048   -2.485  19.240  -6.074
  807    3  1128.12    27.96    0.218   -2.815  20.338  -7.073
  808    9   725.70    20.26   -0.272   -2.256  21.653  -6.653
  809    6     0.37     0.31    0.248   -3.553  15.494  -5.048
  810    6     0.37     0.31    0.311   -2.492  22.348  -7.332
  811    6     0.37     0.31    0.311   -2.639  21.910  -5.766
  812    6     0.37     0.31    0.311   -1.261  21.585  -6.579
  813    8   735.31    24.25   -0.520   -6.534  15.590  -5.500
  814    4   769.72    21.49    0.246   -7.916  15.166  -5.714
  815    1   888.79    24.81    0.526   -8.265  14.979  -7.177
  816   11   480.19    20.72   -0.500   -7.550  15.447  -8.069
  817    6     0.37     0.31    0.248   -5.889  14.841  -5.351
  818    8   735.31    24.25   -0.520   -9.385  14.309  -7.425
  819    4   769.72    21.49    0.210   -9.755  13.937  -8.787
  820    1   888.79    24.81    0.526  -10.084  15.123  -9.691
  821   11   480.19    20.72   -0.500   -9.785  15.087 -10.885
  822    3  1128.12    27.96    0.053  -10.919  12.947  -8.791
  823    3  1128.12    27.96   -0.043  -11.087  12.262 -10.136
  824    1   888.79    24.81    0.675  -12.398  11.527 -10.257
  825   11   480.19    20.72   -0.470  -12.857  10.892  -9.307
  826    8   735.31    24.25   -0.867  -13.004  11.594 -11.436
  827    6     0.37     0.31    0.248  -10.035  14.020  -6.722
  828    6     0.37     0.31    0.344  -13.871  11.116 -11.581
  829    6     0.37     0.31    0.344  -12.594  12.122 -12.180
  830    8   735.31    24.25   -0.520  -10.709  16.157  -9.129
  831    4   769.72    21.49    0.246  -11.121  17.325  -9.909
  832    1   888.79    24.81    0.526   -9.912  17.988 -10.574
  833   11   480.19    20.72   -0.500   -9.983  18.401 -11.739
  834    3  1128.12    27.96    0.000  -11.899  18.316  -9.029
  835    3  1128.12    27.96   -0.208  -12.580  19.468  -9.777
  836    1   888.79    24.81    0.620  -11.772  20.762  -9.778
  837   11   480.19    20.72   -0.706  -11.103  21.059  -8.761
  838   11   480.19    20.72   -0.706  -11.819  21.493 -10.795
  839    6     0.37     0.31    0.248  -10.937  16.209  -8.157
  840    8   735.31    24.25   -0.520   -8.802  18.065  -9.841
  841    4   769.72    21.49    0.245   -7.550  18.573 -10.398
  842    1   888.79    24.81    0.526   -7.119  17.769 -11.633
  843   11   480.19    20.72   -0.500   -6.756  18.347 -12.663
  844    3  1128.12    27.96    0.022   -6.432  18.563  -9.347
  845    1   888.79    24.81   -0.001   -5.114  19.081  -9.892
  846    1   888.79    24.81   -0.035   -4.871  20.454  -9.999
  847    1   888.79    24.81   -0.035   -4.119  18.197 -10.322
  848    1   888.79    24.81    0.100   -3.666  20.932 -10.513
  849    1   888.79    24.81    0.100   -2.913  18.666 -10.830
  850    1   888.79    24.81   -0.121   -2.693  20.029 -10.925
  851   12   500.18    19.68   -0.368   -1.503  20.487 -11.440
  852    6     0.37     0.31    0.248   -8.746  17.788  -8.882
  853    6     0.37     0.31    0.339   -1.037  21.049 -10.756
  854    8   735.31    24.25   -0.520   -7.157  16.442 -11.508
  855    4   769.72    21.49    0.199   -6.797  15.537 -12.596
  856    1   888.79    24.81    0.526   -7.770  15.672 -13.768
  857   11   480.19    20.72   -0.500   -7.338  15.778 -14.925
  858    4   769.72    21.49    0.030   -6.724  14.063 -12.124
  859    3  1128.12    27.96    0.017   -5.721  13.926 -10.971
  860    2  1586.37    35.05    0.001   -6.335  13.150 -13.283
  861    2  1586.37    35.05   -0.001   -5.890  12.679 -10.140
  862    6     0.37     0.31    0.248   -7.432  15.976 -10.667
  863    8   735.31    24.25   -0.520   -9.072  15.665 -13.469
  864    4   769.72    21.49    0.217  -10.110  15.925 -14.476
  865    1   888.79    24.81    0.526   -9.819  17.167 -15.317
  866   11   480.19    20.72   -0.500   -9.925  17.124 -16.542
  867    3  1128.12    27.96    0.003  -11.485  16.116 -13.828
  868    1   888.79    24.81    0.675  -12.044  14.845 -13.201
  869   11   480.19    20.72   -0.470  -11.551  13.735 -13.421
  870    8   735.31    24.25   -0.867  -13.092  15.012 -12.410
  871    6     0.37     0.31    0.248   -9.428  15.485 -12.552
  872    6     0.37     0.31    0.344  -13.514  14.222 -11.965
  873    6     0.37     0.31    0.344  -13.462  15.928 -12.257
  874    8   735.31    24.25   -0.520   -9.467  18.268 -14.648
  875    4   769.72    21.49    0.217   -9.235  19.544 -15.323
  876    1   888.79    24.81    0.526   -8.032  19.513 -16.262
  877   11   480.19    20.72   -0.500   -8.067  20.102 -17.342
  878    3  1128.12    27.96    0.003   -9.102  20.688 -14.312
  879    1   888.79    24.81    0.675   -8.990  22.045 -14.983
  880   11   480.19    20.72   -0.470   -9.942  22.527 -15.597
  881    8   735.31    24.25   -0.867   -7.821  22.666 -14.871
  882    6     0.37     0.31    0.248   -9.339  18.299 -13.657
  883    6     0.37     0.31    0.344   -7.688  23.562 -15.295
  884    6     0.37     0.31    0.344   -7.074  22.238 -14.363
  885    8   735.31    24.25   -0.520   -6.976  18.816 -15.857
  886    4   769.72    21.49    0.199   -5.787  18.672 -16.701
  887    1   888.79    24.81    0.526   -6.121  17.889 -17.968
  888   11   480.19    20.72   -0.500   -5.607  18.188 -19.047
  889    4   769.72    21.49    0.030   -4.614  18.050 -15.908
  890    3  1128.12    27.96    0.017   -4.051  19.111 -14.961
  891    2  1586.37    35.05    0.001   -3.516  17.503 -16.837
  892    2  1586.37    35.05   -0.001   -3.096  18.594 -13.969
  893    6     0.37     0.31    0.248   -6.916  18.352 -14.973
  894    8   735.31    24.25   -0.520   -7.012  16.913 -17.836
  895    4   769.72    21.49    0.195   -7.393  16.065 -18.962
  896    1   888.79    24.81    0.526   -8.693  16.485 -19.638
  897   11   480.19    20.72   -0.500   -9.302  15.700 -20.359
  898    3  1128.12    27.96    0.211   -7.440  14.603 -18.523
  899    1   888.79    24.81    0.103   -6.085  14.004 -18.348
  900    8   735.31    24.25   -0.613   -5.407  14.037 -17.150
  901    1   888.79    24.81    0.353   -5.255  13.407 -19.235
  902    1   888.79    24.81    0.719   -4.230  13.458 -17.300
  903    8   735.31    24.25   -0.686   -4.111  13.071 -18.555
  904    6     0.37     0.31    0.248   -7.476  16.693 -16.978
  905    6     0.37     0.31    0.478   -5.752  14.436 -16.300
  906    6     0.37     0.31    0.486   -3.316  12.608 -18.948
  907    8   735.31    24.25   -0.520   -9.096  17.733 -19.425
  908    4   769.72    21.49    0.204  -10.388  18.219 -19.909
  909    1   888.79    24.81    0.526  -10.491  18.262 -21.441
  910   11   480.19    20.72   -0.500  -11.539  17.930 -21.999
  911    3  1128.12    27.96    0.016  -10.710  19.586 -19.288
  912    4   769.72    21.49    0.054  -12.055  20.267 -19.569
  913    2  1586.37    35.05   -0.014  -12.553  21.021 -18.348
  914    2  1586.37    35.05   -0.014  -11.942  21.209 -20.763
  915    6     0.37     0.31    0.248   -8.558  18.415 -18.930
  916    8   735.31    24.25   -0.520   -9.405  18.658 -22.105
  917    4   769.72    21.49    0.268   -9.410  18.898 -23.557
  918    1   888.79    24.81    0.526   -9.460  17.609 -24.396
  919   11   480.19    20.72   -0.500   -9.821  17.642 -25.576
  920    4   769.72    21.49    0.211   -8.210  19.788 -23.992
  921   12   500.18    19.68   -0.550   -8.051  20.868 -23.064
  922    2  1586.37    35.05    0.007   -8.433  20.368 -25.381
  923    6     0.37     0.31    0.248   -8.519  18.819 -21.669
  924    6     0.37     0.31    0.310   -7.278  21.438 -23.344
  925    8   735.31    24.25   -0.520   -9.106  16.482 -23.786
  926    4   769.72    21.49    0.195   -9.190  15.184 -24.458
  927    1   888.79    24.81    0.526   -9.961  14.162 -23.620
  928   11   480.19    20.72   -0.500  -10.151  13.016 -24.034
  929    3  1128.12    27.96    0.211   -7.793  14.659 -24.822
  930    1   888.79    24.81    0.103   -6.852  14.564 -23.659
  931    8   735.31    24.25   -0.613   -5.628  15.197 -23.641
  932    1   888.79    24.81    0.353   -6.955  13.911 -22.477
  933    1   888.79    24.81    0.719   -5.016  14.937 -22.500
  934    8   735.31    24.25   -0.686   -5.799  14.156 -21.777
  935    6     0.37     0.31    0.248   -8.765  16.439 -22.847
  936    6     0.37     0.31    0.478   -5.260  15.765 -24.377
  937    6     0.37     0.31    0.486   -5.585  13.801 -20.867
  938   26    53.67     7.33    1.400    3.112   9.615  -9.217
