    1    8   735.31    24.25   -0.520   11.446  16.187   0.805
    2    4   769.72    21.49    0.146   10.673  15.107   1.486
    3    1   888.79    24.81    0.526    9.794  14.319   0.533
    4   11   480.19    20.72   -0.500    8.943  13.552   0.976
    5    3  1128.12    27.96    0.100    9.781  15.697   2.574
    6   14  1831.79    40.48   -0.135   10.641  16.778   3.682
    7    6     0.37     0.31    0.135   10.554  16.316   4.894
    8    8   735.31    24.25   -0.520    9.983  14.511  -0.769
    9    4   769.72    21.49    0.246    9.144  13.833  -1.749
   10    1   888.79    24.81    0.526    9.078  12.333  -1.471
   11   11   480.19    20.72   -0.500    8.039  11.708  -1.672
   12    3  1128.12    27.96   -0.208    9.672  14.074  -3.168
   13    1   888.79    24.81    0.620    9.359  15.473  -3.681
   14   11   480.19    20.72   -0.706    8.621  16.211  -2.988
   15   11   480.19    20.72   -0.706    9.847  15.833  -4.776
   16    6     0.37     0.31    0.248   10.684  15.109  -1.157
   17    8   735.31    24.25   -0.520   10.184  11.765  -0.996
   18    4   769.72    21.49    0.215   10.290  10.319  -0.812
   19    1   888.79    24.81    0.526    9.580   9.834   0.456
   20   11   480.19    20.72   -0.500    9.337   8.635   0.618
   21    2  1586.37    35.05    0.031   11.761   9.905  -0.774
   22    6     0.37     0.31    0.248   11.004  12.274  -0.736
   23    8   735.31    24.25   -0.520    9.261  10.769   1.349
   24    4   769.72    21.49    0.214    8.561  10.446   2.590
   25    1   888.79    24.81    0.526    7.052  10.515   2.417
   26   11   480.19    20.72   -0.500    6.302   9.916   3.190
   27    3  1128.12    27.96    0.038    8.975  11.409   3.704
   28    1   888.79    24.81    0.011   10.379  11.209   4.180
   29    1   888.79    24.81   -0.011   11.401  12.033   3.733
   30    1   888.79    24.81   -0.011   10.685  10.184   5.060
   31    1   888.79    24.81    0.004   12.703  11.834   4.158
   32    1   888.79    24.81    0.004   11.982   9.981   5.486
   33    1   888.79    24.81   -0.003   12.993  10.806   5.035
   34    6     0.37     0.31    0.248    9.473  11.740   1.237
   35    8   735.31    24.25   -0.520    6.614  11.249   1.399
   36    4   769.72    21.49    0.201    5.199  11.528   1.202
   37    1   888.79    24.81    0.526    4.401  10.270   0.878
   38   11   480.19    20.72   -0.500    4.784   9.471   0.017
   39    4   769.72    21.49    0.033    4.998  12.571   0.077
   40    2  1586.37    35.05    0.006    3.523  12.729  -0.241
   41    2  1586.37    35.05    0.006    5.581  13.916   0.516
   42    6     0.37     0.31    0.248    7.213  11.655   0.708
   43    8   735.31    24.25   -0.520    3.292  10.093   1.583
   44    4   769.72    21.49    0.246    2.419   8.975   1.295
   45    1   888.79    24.81    0.526    1.749   8.407   2.527
   46   11   480.19    20.72   -0.500    1.782   9.001   3.605
   47    6     0.37     0.31    0.248    2.990  10.687   2.328
   48    8   735.31    24.25   -0.520    1.124   7.250   2.358
   49    4   769.72    21.49    0.268    0.524   6.543   3.478
   50    1   888.79    24.81    0.526    1.354   5.309   3.797
   51   11   480.19    20.72   -0.500    1.658   4.503   2.914
   52    4   769.72    21.49    0.211   -0.922   6.128   3.151
   53   12   500.18    19.68   -0.550   -1.723   7.306   2.978
   54    2  1586.37    35.05    0.007   -1.497   5.272   4.272
   55    6     0.37     0.31    0.248    1.022   6.792   1.475
   56    6     0.37     0.31    0.310   -2.663   7.042   2.764
   57    8   735.31    24.25   -0.520    1.734   5.179   5.064
   58    4   769.72    21.49    0.248    2.651   4.134   5.486
   59    1   888.79    24.81    0.526    1.997   3.291   6.569
   60   11   480.19    20.72   -0.500    1.193   3.788   7.354
   61    3  1128.12    27.96    0.020    3.942   4.756   6.022
   62    1   888.79    24.81    0.046    4.655   5.593   5.011
   63    1   888.79    24.81    0.117    4.465   6.919   4.766
   64    1   888.79    24.81   -0.275    5.646   5.149   4.078
   65    8   735.31    24.25   -0.330    5.275   7.331   3.733
   66    1   888.79    24.81    0.000    6.010   6.261   3.294
   67    1   888.79    24.81    0.145    6.261   3.917   3.828
   68    1   888.79    24.81    0.029    6.961   6.179   2.277
   69    1   888.79    24.81   -0.082    7.204   3.838   2.819
   70    1   888.79    24.81    0.034    7.544   4.959   2.057
   71    6     0.37     0.31    0.248    1.424   5.777   5.803
   72    6     0.37     0.31    0.294    5.320   8.259   3.363
   73    8   735.31    24.25   -0.520    2.348   2.012   6.603
   74    4   769.72    21.49    0.227    1.812   1.107   7.610
   75    1   888.79    24.81    0.526    2.961   0.421   8.339
   76   11   480.19    20.72   -0.500    3.961   0.048   7.726
   77    3  1128.12    27.96    0.039    0.919   0.059   6.943
   78    3  1128.12    27.96    0.053    1.654  -0.794   5.936
   79    3  1128.12    27.96    0.048    0.751  -1.823   5.277
   80    3  1128.12    27.96    0.218    1.545  -2.649   4.274
   81    9   725.70    20.26   -0.272    0.665  -3.501   3.425
   82    6     0.37     0.31    0.248    2.986   1.588   5.960
   83    6     0.37     0.31    0.311    1.226  -4.024   2.783
   84    6     0.37     0.31    0.311    0.149  -4.130   4.006
   85    6     0.37     0.31    0.311    0.030  -2.921   2.915
   86    8   735.31    24.25   -0.520    2.810   0.258   9.650
   87    4   769.72    21.49    0.204    3.836  -0.372  10.473
   88    1   888.79    24.81    0.526    3.954  -1.857  10.166
   89   11   480.19    20.72   -0.500    2.986  -2.593  10.293
   90    3  1128.12    27.96    0.016    3.500  -0.196  11.955
   91    4   769.72    21.49    0.054    4.548  -0.736  12.923
   92    2  1586.37    35.05   -0.014    5.814   0.089  12.802
   93    2  1586.37    35.05   -0.014    4.010  -0.678  14.341
   94    6     0.37     0.31    0.248    1.999   0.550  10.157
   95    8   735.31    24.25   -0.520    5.144  -2.300   9.773
   96    4   769.72    21.49    0.201    5.349  -3.708   9.461
   97    1   888.79    24.81    0.526    6.144  -4.447  10.542
   98   11   480.19    20.72   -0.500    5.990  -5.654  10.716
   99    4   769.72    21.49    0.033    6.052  -3.880   8.092
  100    2  1586.37    35.05    0.006    5.159  -3.337   6.978
  101    2  1586.37    35.05    0.006    7.386  -3.158   8.094
  102    6     0.37     0.31    0.248    5.954  -1.724   9.666
  103    8   735.31    24.25   -0.520    6.989  -3.728  11.274
  104    4   769.72    21.49    0.292    7.708  -4.345  12.383
  105    1   888.79    24.81    0.526    8.194  -3.343  13.420
  106   11   480.19    20.72   -0.500    8.341  -2.153  13.143
  107    3  1128.12    27.96    0.194    8.891  -5.174  11.864
  108   12   500.18    19.68   -0.550    9.870  -4.371  11.234
  109    6     0.37     0.31    0.248    7.186  -2.759  11.128
  110    6     0.37     0.31    0.310   10.620  -4.949  10.914
  111    8   735.31    24.25   -0.520    8.428  -3.843  14.628
  112    4   769.72    21.49    0.292    8.880  -3.012  15.729
  113    1   888.79    24.81    0.526    9.896  -3.787  16.553
  114   11   480.19    20.72   -0.500    9.749  -4.990  16.764
  115    3  1128.12    27.96    0.194    7.689  -2.618  16.606
  116   12   500.18    19.68   -0.550    8.097  -1.782  17.671
  117    6     0.37     0.31    0.248    8.312  -4.808  14.862
  118    6     0.37     0.31    0.310    7.604  -2.036  18.503
  119    8   735.31    24.25   -0.520   10.935  -3.098  17.004
  120    4   769.72    21.49    0.246   11.918  -3.703  17.887
  121    1   888.79    24.81    0.526   12.248  -2.754  19.033
  122   11   480.19    20.72   -0.500   12.537  -1.576  18.813
  123    3  1128.12    27.96    0.000   13.193  -4.047  17.112
  124    3  1128.12    27.96   -0.208   13.001  -5.133  16.042
  125    1   888.79    24.81    0.620   12.834  -6.533  16.633
  126   11   480.19    20.72   -0.706   12.856  -6.679  17.876
  127   11   480.19    20.72   -0.706   12.685  -7.496  15.848
  128    6     0.37     0.31    0.248   11.114  -2.141  16.777
  129    8   735.31    24.25   -0.520   12.187  -3.281  20.253
  130    4   769.72    21.49    0.217   12.610  -2.557  21.451
  131    1   888.79    24.81    0.526   11.808  -1.293  21.738
  132   11   480.19    20.72   -0.500   12.279  -0.416  22.465
  133    3  1128.12    27.96    0.003   14.089  -2.192  21.345
  134    1   888.79    24.81    0.675   14.974  -3.405  21.177
  135   11   480.19    20.72   -0.470   15.677  -3.537  20.177
  136    8   735.31    24.25   -0.867   14.948  -4.299  22.155
  137    6     0.37     0.31    0.248   11.850  -4.204  20.437
  138    6     0.37     0.31    0.344   15.515  -5.120  22.097
  139    6     0.37     0.31    0.344   14.361  -4.152  22.951
  140    8   735.31    24.25   -0.520   10.606  -1.183  21.180
  141    4   769.72    21.49    0.214    9.835   0.029  21.399
  142    1   888.79    24.81    0.526    9.324   0.150  22.832
  143   11   480.19    20.72   -0.500    9.182   1.259  23.348
  144    3  1128.12    27.96    0.038    8.660   0.124  20.423
  145    1   888.79    24.81    0.011    7.995   1.474  20.426
  146    1   888.79    24.81   -0.011    8.679   2.594  19.974
  147    1   888.79    24.81   -0.011    6.701   1.629  20.906
  148    1   888.79    24.81    0.004    8.089   3.849  20.005
  149    1   888.79    24.81    0.004    6.102   2.880  20.940
  150    1   888.79    24.81   -0.003    6.799   3.994  20.489
  151    6     0.37     0.31    0.248   10.169  -1.876  20.607
  152    8   735.31    24.25   -0.520    9.051  -0.977  23.483
  153    4   769.72    21.49    0.246    8.662  -0.930  24.891
  154    1   888.79    24.81    0.526    9.798  -0.398  25.762
  155   11   480.19    20.72   -0.500    9.561   0.357  26.704
  156    3  1128.12    27.96   -0.208    8.250  -2.314  25.399
  157    1   888.79    24.81    0.620    7.827  -2.286  26.857
  158   11   480.19    20.72   -0.706    6.826  -1.604  27.167
  159   11   480.19    20.72   -0.706    8.499  -2.930  27.692
  160    6     0.37     0.31    0.248    9.089  -1.892  23.082
  161    8   735.31    24.25   -0.520   11.032  -0.783  25.448
  162    4   769.72    21.49    0.246   12.185  -0.305  26.214
  163    1   888.79    24.81    0.526   12.412   1.186  25.988
  164   11   480.19    20.72   -0.500   12.707   1.932  26.924
  165    3  1128.12    27.96   -0.208   13.446  -1.073  25.818
  166    1   888.79    24.81    0.620   13.495  -2.459  26.420
  167   11   480.19    20.72   -0.706   13.308  -2.582  27.645
  168   11   480.19    20.72   -0.706   13.721  -3.423  25.664
  169    6     0.37     0.31    0.248   11.256  -1.403  24.696
  170    8   735.31    24.25   -0.520   12.275   1.622  24.741
  171    4   769.72    21.49    0.245   12.419   3.037  24.432
  172    1   888.79    24.81    0.526   11.383   3.837  25.210
  173   11   480.19    20.72   -0.500   11.702   4.860  25.813
  174    3  1128.12    27.96    0.022   12.248   3.277  22.930
  175    1   888.79    24.81   -0.001   12.112   4.739  22.569
  176    1   888.79    24.81   -0.035   13.222   5.575  22.533
  177    1   888.79    24.81   -0.035   10.866   5.289  22.290
  178    1   888.79    24.81    0.100   13.096   6.921  22.236
  179    1   888.79    24.81    0.100   10.729   6.631  21.991
  180    1   888.79    24.81   -0.121   11.844   7.445  21.968
  181   12   500.18    19.68   -0.368   11.695   8.791  21.693
  182    6     0.37     0.31    0.248   12.072   1.038  23.955
  183    6     0.37     0.31    0.339   12.594   9.228  21.669
  184    8   735.31    24.25   -0.520   10.141   3.364  25.207
  185    4   769.72    21.49    0.137    9.087   4.023  25.964
  186    1   888.79    24.81    0.526    9.381   4.069  27.467
  187   11   480.19    20.72   -0.500    9.134   5.083  28.117
  188    3  1128.12    27.96    0.037    7.743   3.333  25.717
  189    3  1128.12    27.96    0.090    7.133   3.656  24.366
  190   14  1831.79    40.48   -0.025    5.365   3.277  24.282
  191    2  1586.37    35.05    0.007    5.415   1.490  24.203
  192    6     0.37     0.31    0.248    9.849   2.551  24.704
  193    8   735.31    24.25   -0.520    9.917   2.985  28.021
  194    4   769.72    21.49    0.227   10.271   2.983  29.439
  195    1   888.79    24.81    0.526   11.318   4.050  29.708
  196   11   480.19    20.72   -0.500   11.309   4.694  30.758
  197    3  1128.12    27.96    0.039   10.835   1.627  29.866
  198    3  1128.12    27.96    0.053    9.806   0.528  30.053
  199    3  1128.12    27.96    0.048   10.448  -0.697  30.691
  200    3  1128.12    27.96    0.218    9.416  -1.776  30.972
  201    9   725.70    20.26   -0.272   10.053  -3.069  31.351
  202    6     0.37     0.31    0.248   10.109   2.133  27.535
  203    6     0.37     0.31    0.311    9.344  -3.751  31.527
  204    6     0.37     0.31    0.311   10.639  -3.384  30.605
  205    6     0.37     0.31    0.311   10.604  -2.941  32.176
  206    8   735.31    24.25   -0.520   12.223   4.229  28.749
  207    4   769.72    21.49    0.246   13.328   5.165  28.892
  208    1   888.79    24.81    0.526   12.811   6.603  28.800
  209   11   480.19    20.72   -0.500   13.331   7.508  29.464
  210    3  1128.12    27.96    0.000   14.364   4.899  27.793
  211    3  1128.12    27.96   -0.208   15.760   5.397  28.104
  212    1   888.79    24.81    0.620   16.347   4.760  29.347
  213   11   480.19    20.72   -0.706   15.958   3.623  29.696
  214   11   480.19    20.72   -0.706   17.205   5.407  29.979
  215    6     0.37     0.31    0.248   12.210   3.742  27.876
  216    8   735.31    24.25   -0.520   11.778   6.800  27.982
  217    4   769.72    21.49    0.201   11.126   8.097  27.834
  218    1   888.79    24.81    0.526   10.303   8.452  29.070
  219   11   480.19    20.72   -0.500   10.094   9.629  29.365
  220    4   769.72    21.49    0.033   10.197   8.117  26.583
  221    2  1586.37    35.05    0.006    9.333   9.369  26.580
  222    2  1586.37    35.05    0.006   11.033   8.080  25.314
  223    6     0.37     0.31    0.248   11.379   6.079  27.416
  224    8   735.31    24.25   -0.520    9.838   7.433  29.788
  225    4   769.72    21.49    0.246    9.089   7.670  31.011
  226    1   888.79    24.81    0.526    7.615   7.317  30.896
  227   11   480.19    20.72   -0.500    6.814   7.693  31.749
  228    6     0.37     0.31    0.248    9.963   6.470  29.551
  229    8   735.31    24.25   -0.520    7.255   6.593  29.841
  230    4   769.72    21.49    0.201    5.864   6.216  29.605
  231    1   888.79    24.81    0.526    5.438   5.145  30.609
  232   11   480.19    20.72   -0.500    6.146   4.159  30.813
  233    4   769.72    21.49    0.033    5.671   5.655  28.178
  234    2  1586.37    35.05    0.006    4.202   5.428  27.906
  235    2  1586.37    35.05    0.006    6.258   6.615  27.149
  236    6     0.37     0.31    0.248    7.895   6.261  29.148
  237    8   735.31    24.25   -0.520    4.277   5.341  31.224
  238    4   769.72    21.49    0.246    3.833   4.438  32.272
  239    1   888.79    24.81    0.526    3.311   3.117  31.738
  240   11   480.19    20.72   -0.500    3.044   2.983  30.544
  241    6     0.37     0.31    0.248    3.649   6.092  31.021
  242    8   735.31    24.25   -0.520    3.146   2.147  32.634
  243    4   769.72    21.49    0.214    2.823   0.775  32.255
  244    1   888.79    24.81    0.526    1.663   0.644  31.270
  245   11   480.19    20.72   -0.500    1.816   0.051  30.198
  246    3  1128.12    27.96    0.038    2.503  -0.056  33.503
  247    1   888.79    24.81    0.011    2.143  -1.481  33.200
  248    1   888.79    24.81   -0.011    0.815  -1.875  33.115
  249    1   888.79    24.81   -0.011    3.133  -2.428  32.986
  250    1   888.79    24.81    0.004    0.482  -3.194  32.818
  251    1   888.79    24.81    0.004    2.806  -3.748  32.688
  252    1   888.79    24.81   -0.003    1.480  -4.128  32.605
  253    6     0.37     0.31    0.248    3.231   2.287  33.621
  254    8   735.31    24.25   -0.520    0.506   1.184  31.637
  255    4   769.72    21.49    0.215   -0.717   0.917  30.887
  256    1   888.79    24.81    0.526   -0.645   1.515  29.489
  257   11   480.19    20.72   -0.500   -1.052   0.884  28.515
  258    2  1586.37    35.05    0.031   -1.925   1.467  31.631
  259    6     0.37     0.31    0.248    0.391   1.790  32.424
  260    8   735.31    24.25   -0.520   -0.120   2.732  29.393
  261    4   769.72    21.49    0.268    0.070   3.370  28.094
  262    1   888.79    24.81    0.526    1.044   2.555  27.247
  263   11   480.19    20.72   -0.500    0.817   2.348  26.051
  264    4   769.72    21.49    0.211    0.609   4.807  28.255
  265   12   500.18    19.68   -0.550   -0.332   5.591  28.998
  266    2  1586.37    35.05    0.007    0.830   5.453  26.897
  267    6     0.37     0.31    0.248    0.173   3.282  30.175
  268    6     0.37     0.31    0.310    0.019   6.522  29.104
  269    8   735.31    24.25   -0.520    2.122   2.080  27.865
  270    4   769.72    21.49    0.237    3.099   1.260  27.150
  271    1   888.79    24.81    0.526    2.461  -0.004  26.580
  272   11   480.19    20.72   -0.500    2.739  -0.389  25.447
  273    3  1128.12    27.96    0.049    4.261   0.863  28.071
  274    3  1128.12    27.96    0.058    5.264   1.974  28.343
  275    3  1128.12    27.96    0.111    6.646   1.414  28.671
  276    8   735.31    24.25   -0.493    6.577   0.242  29.540
  277    1   888.79    24.81    0.813    6.411   0.298  30.858
  278    8   735.31    24.25   -0.635    6.301   1.474  31.463
  279    8   735.31    24.25   -0.634    6.344  -0.821  31.571
  280    6     0.37     0.31    0.248    2.337   2.242  28.828
  281    6     0.37     0.31    0.294    6.660  -0.660  29.117
  282    6     0.37     0.31    0.361    6.343   2.318  30.928
  283    6     0.37     0.31    0.362    6.176   1.517  32.454
  284    6     0.37     0.31    0.361    6.418  -1.709  31.117
  285    6     0.37     0.31    0.362    6.219  -0.776  32.562
  286    8   735.31    24.25   -0.520    1.614  -0.649  27.374
  287    4   769.72    21.49    0.227    0.947  -1.876  26.946
  288    1   888.79    24.81    0.526    0.033  -1.632  25.749
  289   11   480.19    20.72   -0.500    0.074  -2.369  24.762
  290    3  1128.12    27.96    0.039    0.120  -2.457  28.095
  291    3  1128.12    27.96    0.053    0.922  -2.752  29.353
  292    3  1128.12    27.96    0.048    1.891  -3.902  29.147
  293    3  1128.12    27.96    0.218    3.319  -3.401  28.980
  294    9   725.70    20.26   -0.272    4.270  -4.535  28.820
  295    6     0.37     0.31    0.248    1.377  -0.350  28.298
  296    6     0.37     0.31    0.311    5.198  -4.179  28.712
  297    6     0.37     0.31    0.311    4.230  -5.121  29.629
  298    6     0.37     0.31    0.311    4.022  -5.067  28.011
  299    8   735.31    24.25   -0.520   -0.791  -0.597  25.843
  300    4   769.72    21.49    0.201   -1.768  -0.316  24.803
  301    1   888.79    24.81    0.526   -1.098   0.184  23.529
  302   11   480.19    20.72   -0.500   -1.472  -0.213  22.429
  303    4   769.72    21.49    0.033   -2.796   0.734  25.265
  304    2  1586.37    35.05    0.006   -3.706   1.103  24.104
  305    2  1586.37    35.05    0.006   -3.627   0.180  26.418
  306    6     0.37     0.31    0.248   -0.802   0.045  26.609
  307    8   735.31    24.25   -0.520   -0.104   1.054  23.677
  308    4   769.72    21.49    0.215    0.593   1.591  22.513
  309    1   888.79    24.81    0.526    1.413   0.498  21.827
  310   11   480.19    20.72   -0.500    1.458   0.426  20.600
  311    2  1586.37    35.05    0.031    1.497   2.743  22.930
  312    6     0.37     0.31    0.248    0.227   1.391  24.558
  313    8   735.31    24.25   -0.520    2.062  -0.346  22.624
  314    4   769.72    21.49    0.246    2.835  -1.439  22.066
  315    1   888.79    24.81    0.526    2.012  -2.352  21.174
  316   11   480.19    20.72   -0.500    2.525  -2.904  20.199
  317    6     0.37     0.31    0.248    2.066  -0.293  23.623
  318    8   735.31    24.25   -0.520    0.731  -2.505  21.503
  319    4   769.72    21.49    0.137   -0.168  -3.369  20.742
  320    1   888.79    24.81    0.526   -0.640  -2.732  19.437
  321   11   480.19    20.72   -0.500   -0.966  -3.434  18.481
  322    3  1128.12    27.96    0.037   -1.399  -3.729  21.582
  323    3  1128.12    27.96    0.090   -1.164  -4.802  22.627
  324   14  1831.79    40.48   -0.025   -1.044  -6.451  21.910
  325    2  1586.37    35.05    0.007   -2.572  -6.576  21.049
  326    6     0.37     0.31    0.248    0.299  -2.048  22.281
  327    8   735.31    24.25   -0.520   -0.690  -1.405  19.398
  328    4   769.72    21.49    0.215   -1.243  -0.716  18.237
  329    1   888.79    24.81    0.526   -0.372  -0.894  16.992
  330   11   480.19    20.72   -0.500    0.828  -1.143  17.085
  331    2  1586.37    35.05    0.031   -1.419   0.759  18.547
  332    6     0.37     0.31    0.248   -0.367  -0.805  20.129
  333    8   735.31    24.25   -0.520   -0.996  -0.775  15.825
  334    4   769.72    21.49    0.227   -0.287  -0.861  14.556
  335    1   888.79    24.81    0.526   -0.583   0.398  13.755
  336   11   480.19    20.72   -0.500   -1.328   0.367  12.776
  337    3  1128.12    27.96    0.039   -0.745  -2.100  13.784
  338    3  1128.12    27.96    0.053   -0.380  -3.411  14.473
  339    3  1128.12    27.96    0.048    1.130  -3.646  14.458
  340    3  1128.12    27.96    0.218    1.497  -5.007  15.042
  341    9   725.70    20.26   -0.272    1.327  -5.049  16.527
  342    6     0.37     0.31    0.248   -1.980  -0.621  15.735
  343    6     0.37     0.31    0.311    1.578  -5.956  16.866
  344    6     0.37     0.31    0.311    1.916  -4.361  16.950
  345    6     0.37     0.31    0.311    0.373  -4.859  16.759
  346    8   735.31    24.25   -0.257   -0.005   1.531  14.177
  347    4   769.72    21.49    0.112   -0.342   2.832  13.594
  348    1   888.79    24.81    0.526    0.070   2.925  12.138
  349   11   480.19    20.72   -0.500    0.985   2.229  11.694
  350    3  1128.12    27.96   -0.001    0.426   3.826  14.459
  351    3  1128.12    27.96    0.036    1.579   3.040  14.985
  352    3  1128.12    27.96    0.084    1.062   1.638  15.185
  353    8   735.31    24.25   -0.520   -0.610   3.789  11.394
  354    4   769.72    21.49    0.217   -0.118   4.173  10.082
  355    1   888.79    24.81    0.526    0.555   5.537  10.201
  356   11   480.19    20.72   -0.500    0.583   6.139  11.279
  357    3  1128.12    27.96    0.003   -1.271   4.234   9.075
  358    1   888.79    24.81    0.675   -2.284   5.305   9.412
  359   11   480.19    20.72   -0.470   -2.055   6.137  10.289
  360    8   735.31    24.25   -0.867   -3.416   5.291   8.715
  361    6     0.37     0.31    0.248   -1.470   4.220  11.666
  362    6     0.37     0.31    0.344   -4.123   5.975   8.895
  363    6     0.37     0.31    0.344   -3.561   4.596   8.011
  364    8   735.31    24.25   -0.520    1.114   6.013   9.099
  365    4   769.72    21.49    0.137    1.558   7.396   9.010
  366    1   888.79    24.81    0.526    1.095   7.919   7.666
  367   11   480.19    20.72   -0.500    1.254   7.244   6.649
  368    3  1128.12    27.96    0.037    3.086   7.489   9.094
  369    3  1128.12    27.96    0.090    3.654   7.551  10.499
  370   14  1831.79    40.48   -0.025    5.380   8.090  10.467
  371    2  1586.37    35.05    0.007    6.124   6.774   9.487
  372    6     0.37     0.31    0.248    1.268   5.474   8.271
  373    8   735.31    24.25   -0.520    0.508   9.110   7.671
  374    4   769.72    21.49    0.199    0.110   9.791   6.448
  375    1   888.79    24.81    0.526    0.969  11.042   6.373
  376   11   480.19    20.72   -0.500    0.754  11.991   7.127
  377    4   769.72    21.49    0.030   -1.367  10.237   6.497
  378    3  1128.12    27.96    0.017   -2.265   9.067   6.911
  379    2  1586.37    35.05    0.001   -1.781  10.783   5.134
  380    2  1586.37    35.05   -0.001   -2.276   7.924   5.934
  381    6     0.37     0.31    0.248    0.300   9.619   8.506
  382    8   735.31    24.25   -0.520    1.953  11.039   5.485
  383    4   769.72    21.49    0.199    2.884  12.153   5.398
  384    1   888.79    24.81    0.526    2.599  12.983   4.159
  385   11   480.19    20.72   -0.500    2.518  12.451   3.054
  386    4   769.72    21.49    0.030    4.342  11.655   5.349
  387    3  1128.12    27.96    0.017    4.673  10.918   6.655
  388    2  1586.37    35.05    0.001    5.287  12.830   5.137
  389    2  1586.37    35.05   -0.001    6.042  10.257   6.673
  390    6     0.37     0.31    0.248    2.123  10.299   4.834
  391    8   735.31    24.25   -0.520    2.440  14.288   4.349
  392    4   769.72    21.49    0.292    2.145  15.183   3.240
  393    1   888.79    24.81    0.526    2.967  16.461   3.336
  394   11   480.19    20.72   -0.500    3.424  16.835   4.416
  395    3  1128.12    27.96    0.194    0.646  15.514   3.208
  396   12   500.18    19.68   -0.550    0.203  16.088   4.429
  397    6     0.37     0.31    0.248    2.509  14.738   5.239
  398    6     0.37     0.31    0.310   -0.774  16.290   4.368
  399    8   735.31    24.25   -0.520    3.164  17.115   2.195
  400    4   769.72    21.49    0.201    3.877  18.385   2.138
  401    1   888.79    24.81    0.526    3.061  19.392   1.334
  402   11   480.19    20.72   -0.500    2.600  19.092   0.231
  403    4   769.72    21.49    0.033    5.257  18.234   1.452
  404    2  1586.37    35.05    0.006    5.974  19.577   1.430
  405    2  1586.37    35.05    0.006    6.096  17.192   2.176
  406    6     0.37     0.31    0.248    2.842  16.788   1.307
  407    8   735.31    24.25   -0.520    2.894  20.587   1.887
  408    4   769.72    21.49    0.217    2.198  21.664   1.193
  409    1   888.79    24.81    0.526    3.040  22.933   1.331
  410   11   480.19    20.72   -0.500    3.101  23.536   2.403
  411    3  1128.12    27.96    0.003    0.809  21.857   1.814
  412    1   888.79    24.81    0.675   -0.002  22.940   1.129
  413   11   480.19    20.72   -0.470   -1.220  22.825   1.007
  414    8   735.31    24.25   -0.867    0.665  24.000   0.689
  415    6     0.37     0.31    0.248    3.225  20.831   2.799
  416    6     0.37     0.31    0.344    0.176  24.746   0.237
  417    6     0.37     0.31    0.344    1.656  24.052   0.809
  418    8   735.31    24.25   -0.520    3.700  23.326   0.247
  419    4   769.72    21.49    0.246    4.673  24.396   0.344
  420    1   888.79    24.81    0.526    5.814  24.002   1.263
  421   11   480.19    20.72   -0.500    6.445  22.963   1.060
  422    6     0.37     0.31    0.248    3.583  22.936  -0.667
  423    8   735.31    24.25   -0.520    6.075  24.821   2.280
  424    4   769.72    21.49    0.246    7.147  24.536   3.226
  425    1   888.79    24.81    0.526    6.636  23.759   4.438
  426   11   480.19    20.72   -0.500    7.407  23.452   5.351
  427    3  1128.12    27.96   -0.208    7.797  25.829   3.722
  428    1   888.79    24.81    0.620    8.420  26.644   2.608
  429   11   480.19    20.72   -0.706    8.386  27.888   2.707
  430   11   480.19    20.72   -0.706    8.944  26.057   1.645
  431    6     0.37     0.31    0.248    5.571  25.665   2.464
  432    8   735.31    24.25   -0.520    5.339  23.459   4.467
  433    4   769.72    21.49    0.201    4.764  22.819   5.644
  434    1   888.79    24.81    0.526    4.645  21.319   5.455
  435   11   480.19    20.72   -0.500    4.003  20.840   4.520
  436    4   769.72    21.49    0.033    3.367  23.382   5.995
  437    2  1586.37    35.05    0.006    2.847  22.715   7.261
  438    2  1586.37    35.05    0.006    3.444  24.887   6.192
  439    6     0.37     0.31    0.248    4.695  23.640   3.724
  440    8   735.31    24.25   -0.520    5.280  20.584   6.357
  441    4   769.72    21.49    0.199    5.231  19.138   6.343
  442    1   888.79    24.81    0.526    4.235  18.708   7.408
  443   11   480.19    20.72   -0.500    4.195  19.273   8.499
  444    4   769.72    21.49    0.030    6.623  18.544   6.657
  445    3  1128.12    27.96    0.017    7.653  19.110   5.673
  446    2  1586.37    35.05    0.001    6.578  17.023   6.571
  447    2  1586.37    35.05   -0.001    9.089  18.749   6.001
  448    6     0.37     0.31    0.248    5.829  20.968   7.099
  449    8   735.31    24.25   -0.520    3.412  17.723   7.083
  450    4   769.72    21.49    0.268    2.490  17.176   8.063
  451    1   888.79    24.81    0.526    2.720  15.684   8.198
  452   11   480.19    20.72   -0.500    2.764  14.963   7.202
  453    4   769.72    21.49    0.211    1.017  17.411   7.659
  454   12   500.18    19.68   -0.550    0.741  18.815   7.649
  455    2  1586.37    35.05    0.007    0.083  16.731   8.651
  456    6     0.37     0.31    0.248    3.365  17.300   6.178
  457    6     0.37     0.31    0.310    0.673  19.148   8.589
  458    8   735.31    24.25   -0.520    2.874  15.229   9.436
  459    4   769.72    21.49    0.199    2.893  13.804   9.719
  460    1   888.79    24.81    0.526    1.675  13.474  10.565
  461   11   480.19    20.72   -0.500    1.559  13.908  11.710
  462    4   769.72    21.49    0.030    4.172  13.386  10.483
  463    3  1128.12    27.96    0.017    5.412  13.802   9.688
  464    2  1586.37    35.05    0.001    4.182  11.874  10.688
  465    2  1586.37    35.05   -0.001    6.725  13.439  10.365
  466    6     0.37     0.31    0.248    2.985  15.814  10.239
  467    8   735.31    24.25   -0.520    0.761  12.717   9.972
  468    4   769.72    21.49    0.227   -0.486  12.341  10.621
  469    1   888.79    24.81    0.526   -0.474  10.839  10.896
  470   11   480.19    20.72   -0.500    0.109  10.064  10.139
  471    3  1128.12    27.96    0.039   -1.656  12.707   9.703
  472    3  1128.12    27.96    0.053   -3.030  12.296  10.195
  473    3  1128.12    27.96    0.048   -4.090  12.893   9.280
  474    3  1128.12    27.96    0.218   -5.500  12.490   9.688
  475    9   725.70    20.26   -0.272   -6.527  13.198   8.855
  476    6     0.37     0.31    0.248    0.862  12.354   9.046
  477    6     0.37     0.31    0.311   -7.442  12.916   9.143
  478    6     0.37     0.31    0.311   -6.430  14.186   8.974
  479    6     0.37     0.31    0.311   -6.394  12.964   7.892
  480    8   735.31    24.25   -0.520   -1.104  10.427  11.987
  481    4   769.72    21.49    0.292   -1.199   9.008  12.292
  482    1   888.79    24.81    0.526   -2.558   8.654  12.867
  483   11   480.19    20.72   -0.500   -3.042   9.311  13.785
  484    3  1128.12    27.96    0.194   -0.118   8.607  13.289
  485   12   500.18    19.68   -0.550   -0.264   7.247  13.662
  486    6     0.37     0.31    0.248   -1.541  11.032  12.652
  487    6     0.37     0.31    0.310    0.004   6.661  12.898
  488    8   735.31    24.25   -0.520   -3.167   7.612  12.318
  489    4   769.72    21.49    0.246   -4.352   7.023  12.923
  490    1   888.79    24.81    0.526   -4.001   5.664  13.515
  491   11   480.19    20.72   -0.500   -3.310   4.864  12.887
  492    6     0.37     0.31    0.248   -2.867   7.168  11.474
  493    8   735.31    24.25   -0.520   -4.467   5.413  14.732
  494    4   769.72    21.49    0.292   -4.385   4.077  15.314
  495    1   888.79    24.81    0.526   -5.464   3.902  16.368
  496   11   480.19    20.72   -0.500   -6.145   4.855  16.737
  497    3  1128.12    27.96    0.194   -3.010   3.841  15.946
  498   12   500.18    19.68   -0.550   -2.825   4.639  17.104
  499    6     0.37     0.31    0.248   -4.895   6.098  15.321
  500    6     0.37     0.31    0.310   -3.079   5.585  16.902
  501    8   735.31    24.25   -0.520   -5.615   2.675  16.851
  502    4   769.72    21.49    0.268   -6.543   2.394  17.937
  503    1   888.79    24.81    0.526   -6.079   3.021  19.252
  504   11   480.19    20.72   -0.500   -6.883   3.221  20.160
  505    4   769.72    21.49    0.211   -6.698   0.877  18.156
  506   12   500.18    19.68   -0.550   -5.413   0.303  18.416
  507    2  1586.37    35.05    0.007   -7.307   0.211  16.921
  508    6     0.37     0.31    0.248   -5.117   1.876  16.514
  509    6     0.37     0.31    0.310   -5.510  -0.682  18.560
  510    8   735.31    24.25   -0.520   -4.786   3.321  19.358
  511    4   769.72    21.49    0.214   -4.241   3.953  20.561
  512    1   888.79    24.81    0.526   -4.573   5.439  20.590
  513   11   480.19    20.72   -0.500   -5.139   5.946  21.560
  514    3  1128.12    27.96    0.038   -2.716   3.776  20.621
  515    1   888.79    24.81    0.011   -2.056   4.550  21.733
  516    1   888.79    24.81   -0.011   -2.461   4.387  23.047
  517    1   888.79    24.81   -0.011   -1.021   5.434  21.463
  518    1   888.79    24.81    0.004   -1.846   5.090  24.074
  519    1   888.79    24.81    0.004   -0.402   6.140  22.486
  520    1   888.79    24.81   -0.003   -0.816   5.966  23.794
  521    6     0.37     0.31    0.248   -4.110   3.141  18.643
  522    8   735.31    24.25   -0.520   -4.216   6.137  19.519
  523    4   769.72    21.49    0.227   -4.457   7.567  19.439
  524    1   888.79    24.81    0.526   -4.365   8.048  17.998
  525   11   480.19    20.72   -0.500   -3.623   7.498  17.187
  526    3  1128.12    27.96    0.039   -3.443   8.321  20.304
  527    3  1128.12    27.96    0.053   -3.657   9.827  20.337
  528    3  1128.12    27.96    0.048   -2.865  10.488  21.456
  529    3  1128.12    27.96    0.218   -2.849  12.006  21.286
  530    9   725.70    20.26   -0.272   -1.862  12.683  22.190
  531    6     0.37     0.31    0.248   -3.770   5.744  18.715
  532    6     0.37     0.31    0.311   -1.893  13.671  22.038
  533    6     0.37     0.31    0.311   -2.092  12.485  23.143
  534    6     0.37     0.31    0.311   -0.942  12.345  21.993
  535    8   735.31    24.25   -0.520   -5.142   9.071  17.681
  536    4   769.72    21.49    0.217   -4.977   9.770  16.425
  537    1   888.79    24.81    0.526   -4.255  11.067  16.744
  538   11   480.19    20.72   -0.500   -4.741  11.877  17.536
  539    3  1128.12    27.96    0.003   -6.343  10.046  15.798
  540    1   888.79    24.81    0.675   -7.165   8.779  15.621
  541   11   480.19    20.72   -0.470   -8.365   8.753  15.914
  542    8   735.31    24.25   -0.867   -6.523   7.720  15.152
  543    6     0.37     0.31    0.248   -5.874   9.424  18.264
  544    6     0.37     0.31    0.344   -7.010   6.856  15.023
  545    6     0.37     0.31    0.344   -5.551   7.784  14.927
  546    8   735.31    24.25   -0.520   -3.078  11.242  16.154
  547    4   769.72    21.49    0.268   -2.298  12.455  16.366
  548    1   888.79    24.81    0.526   -1.741  12.974  15.048
  549   11   480.19    20.72   -0.500   -1.724  12.265  14.038
  550    4   769.72    21.49    0.211   -1.096  12.223  17.297
  551   12   500.18    19.68   -0.550   -1.401  11.201  18.249
  552    2  1586.37    35.05    0.007   -0.781  13.503  18.054
  553    6     0.37     0.31    0.248   -2.653  10.576  15.540
  554    6     0.37     0.31    0.310   -0.613  11.057  18.848
  555    8   735.31    24.25   -0.520   -1.266  14.212  15.075
  556    4   769.72    21.49    0.246   -0.763  14.859  13.876
  557    1   888.79    24.81    0.526    0.131  16.035  14.248
  558   11   480.19    20.72   -0.500   -0.194  16.810  15.148
  559    3  1128.12    27.96    0.000   -1.949  15.326  13.033
  560    3  1128.12    27.96   -0.208   -1.683  16.509  12.136
  561    1   888.79    24.81    0.620   -2.950  16.978  11.448
  562   11   480.19    20.72   -0.706   -3.858  16.143  11.259
  563   11   480.19    20.72   -0.706   -3.049  18.172  11.109
  564    6     0.37     0.31    0.248   -1.220  14.776  15.900
  565    8   735.31    24.25   -0.520    1.269  16.155  13.571
  566    4   769.72    21.49    0.199    2.109  17.333  13.724
  567    1   888.79    24.81    0.526    2.356  17.969  12.365
  568   11   480.19    20.72   -0.500    2.552  17.268  11.373
  569    4   769.72    21.49    0.030    3.473  16.992  14.368
  570    3  1128.12    27.96    0.017    4.232  15.991  13.496
  571    2  1586.37    35.05    0.001    3.258  16.436  15.774
  572    2  1586.37    35.05   -0.001    5.652  15.736  13.962
  573    6     0.37     0.31    0.248    1.619  15.471  12.931
  574    8   735.31    24.25   -0.520    2.320  19.298  12.326
  575    4   769.72    21.49    0.292    2.677  20.056  11.130
  576    1   888.79    24.81    0.526    3.797  21.011  11.505
  577   11   480.19    20.72   -0.500    3.788  21.596  12.594
  578    3  1128.12    27.96    0.194    1.476  20.847  10.608
  579   12   500.18    19.68   -0.550    0.507  19.988  10.031
  580    6     0.37     0.31    0.248    2.049  19.867  13.103
  581    6     0.37     0.31    0.310   -0.265  20.530   9.700
  582    8   735.31    24.25   -0.520    4.766  21.164  10.614
  583    4   769.72    21.49    0.214    5.980  21.880  10.961
  584    1   888.79    24.81    0.526    6.745  22.345   9.729
  585   11   480.19    20.72   -0.500    6.537  21.849   8.618
  586    3  1128.12    27.96    0.038    6.878  20.982  11.816
  587    1   888.79    24.81    0.011    7.265  19.695  11.136
  588    1   888.79    24.81   -0.011    6.491  18.553  11.287
  589    1   888.79    24.81   -0.011    8.388  19.634  10.327
  590    1   888.79    24.81    0.004    6.832  17.374  10.642
  591    1   888.79    24.81    0.004    8.735  18.456   9.678
  592    1   888.79    24.81   -0.003    7.955  17.328   9.837
  593    6     0.37     0.31    0.248    4.736  20.814   9.678
  594    8   735.31    24.25   -0.520    7.633  23.309   9.937
  595    4   769.72    21.49    0.199    8.551  23.737   8.896
  596    1   888.79    24.81    0.526    9.969  23.398   9.352
  597   11   480.19    20.72   -0.500   10.340  23.658  10.494
  598    4   769.72    21.49    0.030    8.421  25.256   8.641
  599    3  1128.12    27.96    0.017    7.015  25.577   8.123
  600    2  1586.37    35.05    0.001    9.468  25.712   7.640
  601    2  1586.37    35.05   -0.001    6.707  27.060   8.066
  602    6     0.37     0.31    0.248    7.733  23.799  10.803
  603    8   735.31    24.25   -0.520   10.752  22.798   8.464
  604    4   769.72    21.49    0.204   12.100  22.371   8.816
  605    1   888.79    24.81    0.526   12.877  23.525   9.438
  606   11   480.19    20.72   -0.500   12.869  24.639   8.914
  607    3  1128.12    27.96    0.016   12.839  21.871   7.575
  608    4   769.72    21.49    0.054   12.278  20.617   6.903
  609    2  1586.37    35.05   -0.014   13.025  20.360   5.605
  610    2  1586.37    35.05   -0.014   12.406  19.429   7.840
  611    6     0.37     0.31    0.248   10.485  22.601   7.521
  612    8   735.31    24.25   -0.520   13.540  23.251  10.557
  613    4   769.72    21.49    0.246   14.385  24.250  11.189
  614    1   888.79    24.81    0.526   13.666  25.172  12.158
  615   11   480.19    20.72   -0.500   14.299  25.986  12.835
  616    6     0.37     0.31    0.248   13.508  22.370  11.030
  617    8   735.31    24.25   -0.520   12.346  25.057  12.237
  618    4   769.72    21.49    0.210   11.574  25.962  13.081
  619    1   888.79    24.81    0.526   10.922  25.210  14.235
  620   11   480.19    20.72   -0.500   10.087  24.329  14.031
  621    3  1128.12    27.96    0.053   10.512  26.685  12.242
  622    3  1128.12    27.96   -0.043   11.094  27.406  11.025
  623    1   888.79    24.81    0.675   10.113  28.377  10.374
  624   11   480.19    20.72   -0.470    8.980  28.537  10.829
  625    8   735.31    24.25   -0.867   10.551  29.027   9.300
  626    6     0.37     0.31    0.248   11.806  24.373  11.747
  627    6     0.37     0.31    0.344    9.952  29.675   8.829
  628    6     0.37     0.31    0.344   11.479  28.868   8.963
  629    8   735.31    24.25   -0.520   11.307  25.571  15.451
  630    4   769.72    21.49    0.246   10.859  24.865  16.644
  631    1   888.79    24.81    0.526    9.355  25.031  16.856
  632   11   480.19    20.72   -0.500    8.782  26.070  16.527
  633    3  1128.12    27.96    0.000   11.629  25.384  17.859
  634    3  1128.12    27.96   -0.208   11.258  24.743  19.184
  635    1   888.79    24.81    0.620   12.050  25.335  20.331
  636   11   480.19    20.72   -0.706   11.762  26.488  20.714
  637   11   480.19    20.72   -0.706   12.965  24.653  20.842
  638    6     0.37     0.31    0.248   11.921  26.339  15.635
  639    8   735.31    24.25   -0.520    8.720  23.995  17.394
  640    4   769.72    21.49    0.214    7.282  24.016  17.621
  641    1   888.79    24.81    0.526    6.911  23.272  18.901
  642   11   480.19    20.72   -0.500    7.687  22.462  19.404
  643    3  1128.12    27.96    0.038    6.538  23.402  16.421
  644    1   888.79    24.81    0.011    6.939  21.981  16.101
  645    1   888.79    24.81   -0.011    8.067  21.716  15.338
  646    1   888.79    24.81   -0.011    6.170  20.913  16.537
  647    1   888.79    24.81    0.004    8.420  20.415  15.015
  648    1   888.79    24.81    0.004    6.519  19.605  16.217
  649    1   888.79    24.81   -0.003    7.647  19.360  15.454
  650    6     0.37     0.31    0.248    9.171  23.148  17.675
  651    8   735.31    24.25   -0.520    5.724  23.567  19.427
  652    4   769.72    21.49    0.246    5.185  22.842  20.570
  653    1   888.79    24.81    0.526    4.583  21.545  20.061
  654   11   480.19    20.72   -0.500    3.873  21.539  19.056
  655    3  1128.12    27.96   -0.208    4.088  23.656  21.262
  656    1   888.79    24.81    0.620    4.577  24.994  21.765
  657   11   480.19    20.72   -0.706    5.558  25.017  22.540
  658   11   480.19    20.72   -0.706    3.972  26.025  21.387
  659    6     0.37     0.31    0.248    5.128  24.293  19.083
  660    8   735.31    24.25   -0.520    4.865  20.448  20.753
  661    4   769.72    21.49    0.246    4.332  19.149  20.365
  662    1   888.79    24.81    0.526    3.742  18.430  21.576
  663   11   480.19    20.72   -0.500    4.391  18.310  22.610
  664    3  1128.12    27.96    0.000    5.442  18.290  19.739
  665    3  1128.12    27.96   -0.208    4.959  16.963  19.155
  666    1   888.79    24.81    0.620    6.095  16.098  18.622
  667   11   480.19    20.72   -0.706    7.268  16.495  18.768
  668   11   480.19    20.72   -0.706    5.818  15.020  18.055
  669    6     0.37     0.31    0.248    5.446  20.432  21.567
  670    8   735.31    24.25   -0.520    2.506  17.961  21.450
  671    4   769.72    21.49    0.201    1.946  17.060  22.445
  672    1   888.79    24.81    0.526    2.053  15.640  21.905
  673   11   480.19    20.72   -0.500    1.313  15.259  20.997
  674    4   769.72    21.49    0.033    0.462  17.374  22.730
  675    2  1586.37    35.05    0.006   -0.060  16.444  23.815
  676    2  1586.37    35.05    0.006    0.303  18.826  23.147
  677    6     0.37     0.31    0.248    1.892  18.183  20.692
  678    8   735.31    24.25   -0.520    2.978  14.864  22.461
  679    4   769.72    21.49    0.268    3.248  13.520  21.963
  680    1   888.79    24.81    0.526    2.077  12.598  22.279
  681   11   480.19    20.72   -0.500    1.206  12.947  23.076
  682    4   769.72    21.49    0.211    4.543  12.941  22.586
  683   12   500.18    19.68   -0.550    4.368  12.755  23.997
  684    2  1586.37    35.05    0.007    5.706  13.890  22.358
  685    6     0.37     0.31    0.248    3.542  15.137  23.241
  686    6     0.37     0.31    0.310    4.426  11.781  24.215
  687    8   735.31    24.25   -0.520    2.050  11.429  21.647
  688    4   769.72    21.49    0.215    0.918  10.522  21.788
  689    1   888.79    24.81    0.526    0.806   9.998  23.217
  690   11   480.19    20.72   -0.500   -0.277   9.611  23.659
  691    2  1586.37    35.05    0.031    1.048   9.360  20.809
  692    6     0.37     0.31    0.248    2.779  11.096  21.049
  693    8   735.31    24.25   -0.520    1.927   9.990  23.936
  694    4   769.72    21.49    0.246    1.927   9.601  25.339
  695    1   888.79    24.81    0.526    1.751  10.800  26.270
  696   11   480.19    20.72   -0.500    1.899  10.677  27.483
  697    3  1128.12    27.96   -0.208    3.218   8.844  25.687
  698    1   888.79    24.81    0.620    4.468   9.683  25.486
  699   11   480.19    20.72   -0.706    4.694  10.157  24.352
  700   11   480.19    20.72   -0.706    5.228   9.861  26.465
  701    6     0.37     0.31    0.248    2.825  10.243  23.576
  702    8   735.31    24.25   -0.520    1.436  11.957  25.690
  703    4   769.72    21.49    0.246    0.989  13.130  26.446
  704    1   888.79    24.81    0.526    2.116  13.927  27.102
  705   11   480.19    20.72   -0.500    1.906  14.589  28.118
  706    3  1128.12    27.96   -0.208   -0.029  12.715  27.516
  707    1   888.79    24.81    0.620   -1.050  13.797  27.807
  708   11   480.19    20.72   -0.706   -1.227  14.706  26.966
  709   11   480.19    20.72   -0.706   -1.683  13.738  28.885
  710    6     0.37     0.31    0.248    1.482  12.107  24.702
  711    8   735.31    24.25   -0.520    3.315  13.864  26.531
  712    4   769.72    21.49    0.237    4.372  14.794  26.916
  713    1   888.79    24.81    0.526    4.197  16.087  26.127
  714   11   480.19    20.72   -0.500    3.895  16.054  24.934
  715    3  1128.12    27.96    0.049    5.751  14.198  26.612
  716    3  1128.12    27.96    0.058    6.191  13.100  27.563
  717    3  1128.12    27.96    0.111    7.438  12.392  27.043
  718    8   735.31    24.25   -0.493    7.132  11.605  25.852
  719    1   888.79    24.81    0.813    7.807  11.673  24.710
  720    8   735.31    24.25   -0.635    8.843  12.493  24.594
  721    8   735.31    24.25   -0.634    7.431  10.932  23.676
  722    6     0.37     0.31    0.248    3.572  13.204  25.825
  723    6     0.37     0.31    0.294    6.360  10.971  25.899
  724    6     0.37     0.31    0.361    9.119  13.063  25.368
  725    6     0.37     0.31    0.362    9.349  12.541  23.733
  726    6     0.37     0.31    0.361    6.641  10.324  23.757
  727    6     0.37     0.31    0.362    7.937  10.981  22.815
  728    8   735.31    24.25   -0.520    4.373  17.225  26.791
  729    4   769.72    21.49    0.227    4.447  18.495  26.080
  730    1   888.79    24.81    0.526    5.915  18.865  25.913
  731   11   480.19    20.72   -0.500    6.619  19.148  26.886
  732    3  1128.12    27.96    0.039    3.703  19.586  26.854
  733    3  1128.12    27.96    0.053    4.113  19.703  28.297
  734    6     0.37     0.31    0.248    4.464  17.293  27.785
  735    8   735.31    24.25   -0.520    6.380  18.846  24.670
  736    4   769.72    21.49    0.201    7.803  18.983  24.411
  737    1   888.79    24.81    0.526    8.059  20.137  23.443
  738   11   480.19    20.72   -0.500    7.148  20.600  22.759
  739    4   769.72    21.49    0.033    8.379  17.683  23.805
  740    2  1586.37    35.05    0.006    7.994  16.493  24.677
  741    2  1586.37    35.05    0.006    7.866  17.494  22.383
  742    6     0.37     0.31    0.248    5.811  18.741  23.854
  743    8   735.31    24.25   -0.520    9.300  20.603  23.404
  744    4   769.72    21.49    0.227    9.715  21.556  22.386
  745    1   888.79    24.81    0.526   10.486  20.816  21.301
  746   11   480.19    20.72   -0.500   11.533  20.228  21.569
  747    3  1128.12    27.96    0.039   10.601  22.641  23.004
  748    3  1128.12    27.96    0.053    9.852  23.648  23.862
  749    3  1128.12    27.96    0.048    9.526  24.906  23.074
  750    3  1128.12    27.96    0.218    9.202  26.053  24.006
  751    9   725.70    20.26   -0.272    8.115  25.689  24.951
  752    6     0.37     0.31    0.248   10.018  20.343  24.049
  753    6     0.37     0.31    0.311    7.923  26.464  25.553
  754    6     0.37     0.31    0.311    7.290  25.454  24.437
  755    6     0.37     0.31    0.311    8.399  24.903  25.500
  756    8   735.31    24.25   -0.520    9.971  20.860  20.074
  757    4   769.72    21.49    0.292   10.502  20.029  19.002
  758    1   888.79    24.81    0.526   10.995  20.819  17.805
  759   11   480.19    20.72   -0.500   10.402  21.831  17.413
  760    3  1128.12    27.96    0.194    9.443  19.024  18.541
  761   12   500.18    19.68   -0.550    9.120  18.129  19.587
  762    6     0.37     0.31    0.248    9.207  21.447  19.806
  763    6     0.37     0.31    0.310    8.242  17.692  19.393
  764    8   735.31    24.25   -0.520   12.088  20.341  17.226
  765    4   769.72    21.49    0.268   12.596  20.882  15.970
  766    1   888.79    24.81    0.526   12.889  19.725  15.033
  767   11   480.19    20.72   -0.500   13.527  18.748  15.426
  768    4   769.72    21.49    0.211   13.900  21.659  16.178
  769   12   500.18    19.68   -0.550   13.724  22.599  17.243
  770    2  1586.37    35.05    0.007   14.279  22.407  14.901
  771    6     0.37     0.31    0.248   12.633  19.590  17.600
  772    6     0.37     0.31    0.310   14.574  23.107  17.383
  773    8   735.31    24.25   -0.520   12.418  19.834  13.797
  774    4   769.72    21.49    0.199   12.687  18.808  12.807
  775    1   888.79    24.81    0.526   13.453  19.408  11.642
  776   11   480.19    20.72   -0.500   13.083  20.455  11.105
  777    4   769.72    21.49    0.030   11.380  18.169  12.295
  778    3  1128.12    27.96    0.017   10.633  17.527  13.470
  779    2  1586.37    35.05    0.001   11.690  17.120  11.239
  780    2  1586.37    35.05   -0.001    9.277  16.954  13.121
  781    6     0.37     0.31    0.248   11.865  20.600  13.469
  782    8   735.31    24.25   -0.520   14.540  18.746  11.271
  783    4   769.72    21.49    0.268   15.377  19.222  10.187
  784    1   888.79    24.81    0.526   15.675  18.071   9.243
  785   11   480.19    20.72   -0.500   15.400  16.909   9.548
  786    4   769.72    21.49    0.211   16.712  19.809  10.714
  787   12   500.18    19.68   -0.550   17.374  18.840  11.536
  788    2  1586.37    35.05    0.007   16.459  21.072  11.526
  789    6     0.37     0.31    0.248   14.853  17.897  11.697
  790    6     0.37     0.31    0.310   18.235  19.221  11.873
  791    8   735.31    24.25   -0.520   16.228  18.398   8.086
  792    4   769.72    21.49    0.204   16.609  17.382   7.126
  793    1   888.79    24.81    0.526   18.131  17.379   7.049
  794   11   480.19    20.72   -0.500   18.738  18.414   6.792
  795    3  1128.12    27.96    0.016   15.993  17.717   5.769
  796    4   769.72    21.49    0.054   15.876  16.662   4.670
  797    2  1586.37    35.05   -0.014   15.202  15.398   5.188
  798    2  1586.37    35.05   -0.014   15.067  17.263   3.530
  799    6     0.37     0.31    0.248   16.417  19.337   7.798
  800    8   735.31    24.25   -0.520   18.740  16.222   7.293
  801    4   769.72    21.49    0.246   20.194  16.086   7.268
  802    1   888.79    24.81    0.526   20.587  14.963   6.318
  803   11   480.19    20.72   -0.500   20.408  13.785   6.626
  804    3  1128.12    27.96   -0.208   20.712  15.789   8.679
  805    1   888.79    24.81    0.620   22.206  15.529   8.717
  806   11   480.19    20.72   -0.706   22.862  15.615   7.656
  807   11   480.19    20.72   -0.706   22.728  15.236   9.821
  808    6     0.37     0.31    0.248   18.254  15.375   7.508
  809    8   735.31    24.25   -0.520   21.115  15.333   5.158
  810    4   769.72    21.49    0.246   21.445  14.341   4.153
  811    1   888.79    24.81    0.526   20.302  13.391   3.820
  812   11   480.19    20.72   -0.500   20.514  12.188   3.674
  813    6     0.37     0.31    0.248   21.316  16.278   4.901
  814    8   735.31    24.25   -0.520   19.090  13.921   3.695
  815    4   769.72    21.49    0.246   17.964  13.085   3.307
  816    1   888.79    24.81    0.526   17.299  12.357   4.460
  817   11   480.19    20.72   -0.500   16.325  11.626   4.257
  818    6     0.37     0.31    0.248   18.871  14.884   3.850
  819    8   735.31    24.25   -0.520   17.824  12.550   5.667
  820    4   769.72    21.49    0.201   17.247  11.962   6.874
  821    1   888.79    24.81    0.526   16.521  13.034   7.689
  822   11   480.19    20.72   -0.500   17.106  14.061   8.045
  823    4   769.72    21.49    0.033   18.339  11.322   7.776
  824    2  1586.37    35.05    0.006   17.708  10.788   9.060
  825    2  1586.37    35.05    0.006   19.051  10.193   7.033
  826    6     0.37     0.31    0.248   18.640  13.104   5.833
  827    8   735.31    24.25   -0.520   15.245  12.801   7.979
  828    4   769.72    21.49    0.204   14.509  13.704   8.854
  829    1   888.79    24.81    0.526   14.975  13.474  10.280
  830   11   480.19    20.72   -0.500   14.946  12.351  10.775
  831    3  1128.12    27.96    0.016   12.999  13.450   8.754
  832    4   769.72    21.49    0.054   12.272  14.005   7.528
  833    2  1586.37    35.05   -0.014   10.838  13.492   7.515
  834    2  1586.37    35.05   -0.014   12.295  15.531   7.556
  835    6     0.37     0.31    0.248   14.718  12.024   7.635
  836    8   735.31    24.25   -0.520   15.421  14.539  10.935
  837    4   769.72    21.49    0.201   15.910  14.428  12.299
  838    1   888.79    24.81    0.526   15.016  15.232  13.234
  839   11   480.19    20.72   -0.500   14.883  16.445  13.092
  840    4   769.72    21.49    0.033   17.364  14.928  12.403
  841    2  1586.37    35.05    0.006   17.877  14.765  13.827
  842    2  1586.37    35.05    0.006   18.242  14.139  11.447
  843    6     0.37     0.31    0.248   15.453  15.463  10.553
  844    8   735.31    24.25   -0.520   14.413  14.534  14.190
  845    4   769.72    21.49    0.195   13.343  15.072  15.022
  846    1   888.79    24.81    0.526   13.804  15.030  16.480
  847   11   480.19    20.72   -0.500   13.941  13.954  17.060
  848    3  1128.12    27.96    0.211   12.099  14.202  14.814
  849    1   888.79    24.81    0.103   10.896  14.629  15.595
  850    8   735.31    24.25   -0.613    9.667  14.027  15.431
  851    1   888.79    24.81    0.353   10.727  15.578  16.546
  852    1   888.79    24.81    0.719    8.792  14.586  16.250
  853    8   735.31    24.25   -0.686    9.409  15.528  16.937
  854    6     0.37     0.31    0.248   14.651  13.587  14.407
  855    6     0.37     0.31    0.478    9.468  13.284  14.792
  856    6     0.37     0.31    0.486    8.987  16.112  17.630
  857    8   735.31    24.25   -0.520   14.055  16.200  17.062
  858    4   769.72    21.49    0.201   14.554  16.277  18.434
  859    1   888.79    24.81    0.526   13.454  16.829  19.332
  860   11   480.19    20.72   -0.500   12.867  17.868  19.030
  861    4   769.72    21.49    0.033   15.793  17.203  18.527
  862    2  1586.37    35.05    0.006   16.336  17.220  19.960
  863    2  1586.37    35.05    0.006   16.864  16.725  17.563
  864    6     0.37     0.31    0.248   13.925  17.086  16.617
  865    8   735.31    24.25   -0.520   13.166  16.119  20.419
  866    4   769.72    21.49    0.210   12.170  16.561  21.396
  867    1   888.79    24.81    0.526   12.861  16.936  22.708
  868   11   480.19    20.72   -0.500   13.641  16.154  23.249
  869    3  1128.12    27.96    0.053   11.144  15.444  21.659
  870    3  1128.12    27.96   -0.043   10.248  15.103  20.462
  871    1   888.79    24.81    0.675    9.358  13.892  20.712
  872   11   480.19    20.72   -0.470    9.659  13.047  21.564
  873    8   735.31    24.25   -0.867    8.258  13.798  19.965
  874    6     0.37     0.31    0.248   13.601  15.247  20.644
  875    6     0.37     0.31    0.344    7.639  13.022  20.082
  876    6     0.37     0.31    0.344    8.052  14.504  19.287
  877    8   735.31    24.25   -0.520   12.568  18.136  23.208
  878    4   769.72    21.49    0.227   13.131  18.619  24.469
  879    1   888.79    24.81    0.526   12.019  18.801  25.500
  880   11   480.19    20.72   -0.500   11.006  19.445  25.221
  881    3  1128.12    27.96    0.039   13.834  19.967  24.259
  882    3  1128.12    27.96    0.053   14.944  19.968  23.220
  883    3  1128.12    27.96    0.048   16.053  19.007  23.589
  884    3  1128.12    27.96    0.218   17.378  19.414  22.953
  885    9   725.70    20.26   -0.272   18.324  18.252  22.903
  886    6     0.37     0.31    0.248   11.950  18.784  22.763
  887    6     0.37     0.31    0.311   19.185  18.540  22.483
  888    6     0.37     0.31    0.311   18.500  17.924  23.831
  889    6     0.37     0.31    0.311   17.920  17.515  22.361
  890    8   735.31    24.25   -0.520   12.205  18.238  26.689
  891    4   769.72    21.49    0.248   11.272  18.467  27.784
  892    1   888.79    24.81    0.526   11.907  18.116  29.131
  893   11   480.19    20.72   -0.500   12.676  17.162  29.239
  894    3  1128.12    27.96    0.020    9.980  17.656  27.565
  895    1   888.79    24.81    0.046   10.066  16.214  27.984
  896    1   888.79    24.81    0.117    9.541  15.656  29.118
  897    1   888.79    24.81   -0.275   10.749  15.157  27.298
  898    8   735.31    24.25   -0.330    9.862  14.319  29.180
  899    1   888.79    24.81    0.000   10.602  13.989  28.075
  900    1   888.79    24.81    0.145   11.473  15.085  26.103
  901    1   888.79    24.81    0.029   11.153  12.767  27.697
  902    1   888.79    24.81   -0.082   12.019  13.869  25.732
  903    1   888.79    24.81    0.034   11.856  12.727  26.526
  904    6     0.37     0.31    0.248   12.972  17.637  26.913
  905    6     0.37     0.31    0.294    9.598  13.691  29.912
  906    8   735.31    24.25   -0.520   11.598  18.915  30.150
  907    4   769.72    21.49    0.246   12.058  18.662  31.509
  908    1   888.79    24.81    0.526   13.558  18.418  31.599
  909   11   480.19    20.72   -0.500   14.013  17.639  32.434
  910    3  1128.12    27.96   -0.208   11.314  17.464  32.103
  911    1   888.79    24.81    0.620    9.888  17.795  32.484
  912   11   480.19    20.72   -0.706    9.133  16.863  32.832
  913   11   480.19    20.72   -0.706    9.515  18.988  32.441
  914    6     0.37     0.31    0.248   11.035  19.736  30.057
  915    8   735.31    24.25   -0.520   14.326  19.085  30.744
  916    4   769.72    21.49    0.246   15.761  18.883  30.750
  917    1   888.79    24.81    0.526   16.162  17.582  30.076
  918   11   480.19    20.72   -0.500   17.336  17.207  30.080
  919    6     0.37     0.31    0.248   13.991  19.741  30.068
  920    8   735.31    24.25   -0.520   15.188  16.892  29.493
  921    4   769.72    21.49    0.227   15.458  15.659  28.759
  922    1   888.79    24.81    0.526   15.414  15.880  27.247
  923   11   480.19    20.72   -0.500   14.848  16.866  26.759
  924    3  1128.12    27.96    0.039   14.440  14.581  29.135
  925    3  1128.12    27.96    0.053   14.350  14.303  30.626
  926    3  1128.12    27.96    0.048   13.270  13.278  30.917
  927    3  1128.12    27.96    0.218   13.112  13.042  32.408
  928    9   725.70    20.26   -0.272   11.902  12.208  32.694
  929    6     0.37     0.31    0.248   14.224  17.159  29.513
  930    6     0.37     0.31    0.311   11.820  12.067  33.681
  931    6     0.37     0.31    0.311   11.086  12.677  32.356
  932    6     0.37     0.31    0.311   11.991  11.323  32.237
  933    8   735.31    24.25   -0.520   16.019  14.950  26.514
  934    4   769.72    21.49    0.292   16.027  14.995  25.057
  935    1   888.79    24.81    0.526   15.886  13.591  24.469
  936   11   480.19    20.72   -0.500   16.462  12.626  24.977
  937    3  1128.12    27.96    0.194   17.325  15.643  24.564
  938   12   500.18    19.68   -0.550   17.393  15.681  23.146
  939    6     0.37     0.31    0.248   16.504  14.166  26.902
  940    6     0.37     0.31    0.310   18.349  15.633  22.856
  941    8   735.31    24.25   -0.520   15.107  13.480  23.400
  942    4   769.72    21.49    0.268   15.091  12.260  22.609
  943    1   888.79    24.81    0.526   15.142  12.624  21.133
  944   11   480.19    20.72   -0.500   14.560  13.627  20.709
  945    4   769.72    21.49    0.211   13.829  11.415  22.893
  946   12   500.18    19.68   -0.550   13.918  10.173  22.180
  947    2  1586.37    35.05    0.007   12.573  12.155  22.457
  948    6     0.37     0.31    0.248   14.496  14.200  23.071
  949    6     0.37     0.31    0.310   14.782   9.721  22.403
  950    8   735.31    24.25   -0.520   15.850  11.817  20.352
  951    4   769.72    21.49    0.268   15.976  12.076  18.927
  952    1   888.79    24.81    0.526   15.398  10.934  18.101
  953   11   480.19    20.72   -0.500   15.671   9.761  18.358
  954    4   769.72    21.49    0.211   17.449  12.302  18.540
  955   12   500.18    19.68   -0.550   17.961  13.407  19.291
  956    2  1586.37    35.05    0.007   17.578  12.617  17.054
  957    6     0.37     0.31    0.248   16.331  11.001  20.673
  958    6     0.37     0.31    0.310   18.919  13.561  19.048
  959    8   735.31    24.25   -0.520   14.586  11.295  17.116
  960    4   769.72    21.49    0.199   13.933  10.323  16.258
  961    1   888.79    24.81    0.526   14.376  10.609  14.838
  962   11   480.19    20.72   -0.500   14.253  11.735  14.361
  963    4   769.72    21.49    0.030   12.388  10.445  16.339
  964    3  1128.12    27.96    0.017   11.926  10.283  17.787
  965    2  1586.37    35.05    0.001   11.721   9.398  15.444
  966    2  1586.37    35.05   -0.001   11.792  11.598  18.530
  967    6     0.37     0.31    0.248   14.369  12.246  16.897
  968    8   735.31    24.25   -0.520   14.900   9.594  14.160
  969    4   769.72    21.49    0.227   15.308   9.762  12.772
  970    1   888.79    24.81    0.526   14.473   8.899  11.840
  971   11   480.19    20.72   -0.500   14.177   7.743  12.144
  972    3  1128.12    27.96    0.039   16.785   9.417  12.616
  973    3  1128.12    27.96    0.053   17.699  10.286  13.459
  974    3  1128.12    27.96    0.048   19.158  10.009  13.152
  975    3  1128.12    27.96    0.218   20.068  10.860  14.019
  976    9   725.70    20.26   -0.272   21.475  10.745  13.546
  977    6     0.37     0.31    0.248   15.047   8.679  14.535
  978    6     0.37     0.31    0.311   22.068  11.308  14.122
  979    6     0.37     0.31    0.311   21.768   9.790  13.599
  980    6     0.37     0.31    0.311   21.535  11.059  12.599
  981    8   735.31    24.25   -0.520   14.095   9.475  10.704
  982    4   769.72    21.49    0.237   13.308   8.767   9.703
  983    1   888.79    24.81    0.526   14.026   8.846   8.366
  984   11   480.19    20.72   -0.500   14.477   9.913   7.954
  985    3  1128.12    27.96    0.049   11.917   9.395   9.594
  986    3  1128.12    27.96    0.058   11.149   9.358  10.906
  987    3  1128.12    27.96    0.111    9.933  10.264  10.899
  988    8   735.31    24.25   -0.493    9.112  10.048  12.092
  989    1   888.79    24.81    0.813    9.124  10.828  13.168
  990    8   735.31    24.25   -0.635    9.913  11.891  13.216
  991    8   735.31    24.25   -0.634    8.344  10.543  14.202
  992    6     0.37     0.31    0.248   14.319  10.418  10.458
  993    6     0.37     0.31    0.294    8.499   9.258  12.098
  994    6     0.37     0.31    0.361   10.504  12.110  12.440
  995    6     0.37     0.31    0.362    9.918  12.474  14.028
  996    6     0.37     0.31    0.361    7.747   9.741  14.172
  997    6     0.37     0.31    0.362    8.353  11.130  15.012
  998    8   735.31    24.25   -0.520   14.143   7.708   7.697
  999    4   769.72    21.49    0.227   14.861   7.653   6.433
 1000    1   888.79    24.81    0.526   14.203   6.641   5.517
 1001   11   480.19    20.72   -0.500   13.610   5.663   5.982
 1002    3  1128.12    27.96    0.039   16.317   7.247   6.665
 1003    3  1128.12    27.96    0.053   16.478   5.847   7.234
 1004    3  1128.12    27.96    0.048   17.920   5.574   7.649
 1005    3  1128.12    27.96    0.218   18.036   4.274   8.437
 1006    9   725.70    20.26   -0.272   17.720   3.082   7.592
 1007    6     0.37     0.31    0.248   13.761   6.835   7.999
 1008    6     0.37     0.31    0.311   17.806   2.251   8.141
 1009    6     0.37     0.31    0.311   16.785   3.157   7.246
 1010    6     0.37     0.31    0.311   18.357   3.040   6.822
 1011    8   735.31    24.25   -0.520   14.315   6.879   4.215
 1012    4   769.72    21.49    0.237   13.906   5.896   3.225
 1013    1   888.79    24.81    0.526   15.022   4.896   2.973
 1014   11   480.19    20.72   -0.500   16.173   5.269   2.724
 1015    3  1128.12    27.96    0.049   13.529   6.584   1.912
 1016    3  1128.12    27.96    0.058   12.126   7.163   1.899
 1017    3  1128.12    27.96    0.111   11.064   6.074   2.030
 1018    8   735.31    24.25   -0.493   11.216   4.981   1.065
 1019    1   888.79    24.81    0.813   10.823   5.038  -0.205
 1020    8   735.31    24.25   -0.635   10.256   6.137  -0.685
 1021    8   735.31    24.25   -0.634   10.975   3.985  -0.994
 1022    6     0.37     0.31    0.248   14.679   7.728   3.831
 1023    6     0.37     0.31    0.294   11.644   4.135   1.383
 1024    6     0.37     0.31    0.361   10.121   6.930  -0.091
 1025    6     0.37     0.31    0.362    9.963   6.172  -1.641
 1026    6     0.37     0.31    0.361   11.385   3.147  -0.635
 1027    6     0.37     0.31    0.362   10.679   4.028  -1.948
 1028    8   735.31    24.25   -0.520   14.672   3.619   3.046
 1029    4   769.72    21.49    0.246   15.616   2.548   2.780
 1030    1   888.79    24.81    0.526   14.891   1.500   1.947
 1031   11   480.19    20.72   -0.500   13.898   0.919   2.394
 1032    3  1128.12    27.96    0.000   16.099   1.947   4.101
 1033    3  1128.12    27.96   -0.208   17.149   0.868   3.955
 1034    1   888.79    24.81    0.620   17.589   0.325   5.298
 1035   11   480.19    20.72   -0.706   18.205   1.087   6.072
 1036   11   480.19    20.72   -0.706   17.312  -0.859   5.584
 1037    6     0.37     0.31    0.248   13.752   3.307   3.284
 1038    8   735.31    24.25   -0.520   15.379   1.275   0.730
 1039    4   769.72    21.49    0.246   14.640   0.486  -0.243
 1040    1   888.79    24.81    0.526   13.184   0.946  -0.243
 1041   11   480.19    20.72   -0.500   12.909   2.137  -0.353
 1042    3  1128.12    27.96   -0.208   14.746  -1.000   0.105
 1043    1   888.79    24.81    0.620   16.188  -1.478   0.147
 1044   11   480.19    20.72   -0.706   16.977  -1.052  -0.716
 1045   11   480.19    20.72   -0.706   16.542  -2.270   1.040
 1046    6     0.37     0.31    0.248   16.260   1.620   0.405
 1047    8   735.31    24.25   -0.520   12.248   0.017  -0.115
 1048    4   769.72    21.49    0.246   10.838   0.395  -0.116
 1049    1   888.79    24.81    0.526   10.293   0.683   1.278
 1050   11   480.19    20.72   -0.500    9.085   0.837   1.451
 1051    3  1128.12    27.96   -0.208    9.994  -0.698  -0.778
 1052    1   888.79    24.81    0.620   10.138  -0.710  -2.286
 1053   11   480.19    20.72   -0.706   10.199   0.381  -2.892
 1054   11   480.19    20.72   -0.706   10.192  -1.813  -2.866
 1055    6     0.37     0.31    0.248   12.426  -0.962  -0.013
 1056    8   735.31    24.25   -0.520   11.180   0.762   2.268
 1057    4   769.72    21.49    0.227   10.764   1.003   3.651
 1058    1   888.79    24.81    0.526   10.984   2.448   4.090
 1059   11   480.19    20.72   -0.500   11.868   3.142   3.587
 1060    3  1128.12    27.96    0.039   11.524   0.078   4.607
 1061    3  1128.12    27.96    0.053   11.291  -1.404   4.369
 1062    3  1128.12    27.96    0.048   12.563  -2.202   4.636
 1063    3  1128.12    27.96    0.218   13.722  -1.632   3.829
 1064    9   725.70    20.26   -0.272   14.939  -2.506   3.804
 1065    6     0.37     0.31    0.248   12.167   0.665   2.143
 1066    6     0.37     0.31    0.311   15.653  -2.068   3.258
 1067    6     0.37     0.31    0.311   15.270  -2.644   4.737
 1068    6     0.37     0.31    0.311   14.706  -3.391   3.400
 1069    8   735.31    24.25   -0.520   10.164   2.888   5.034
 1070    4   769.72    21.49    0.204   10.447   4.091   5.792
 1071    1   888.79    24.81    0.526   10.854   3.616   7.184
 1072   11   480.19    20.72   -0.500   10.054   3.021   7.904
 1073    3  1128.12    27.96    0.016    9.198   4.979   5.860
 1074    4   769.72    21.49    0.054    9.416   6.419   6.334
 1075    2  1586.37    35.05   -0.014    8.145   7.239   6.150
 1076    2  1586.37    35.05   -0.014    9.840   6.399   7.784
 1077    6     0.37     0.31    0.248    9.310   2.433   5.287
 1078    8   735.31    24.25   -0.520   12.108   3.863   7.545
 1079    4   769.72    21.49    0.201   12.656   3.361   8.802
 1080    1   888.79    24.81    0.526   12.710   4.465   9.849
 1081   11   480.19    20.72   -0.500   13.312   5.516   9.622
 1082    4   769.72    21.49    0.033   14.079   2.793   8.585
 1083    2  1586.37    35.05    0.006   14.696   2.371   9.913
 1084    2  1586.37    35.05    0.006   14.011   1.601   7.639
 1085    6     0.37     0.31    0.248   12.752   4.397   6.997
 1086    8   735.31    24.25   -0.520   12.077   4.219  10.993
 1087    4   769.72    21.49    0.201   12.076   5.175  12.094
 1088    1   888.79    24.81    0.526   12.934   4.663  13.249
 1089   11   480.19    20.72   -0.500   12.699   3.574  13.783
 1090    4   769.72    21.49    0.033   10.644   5.424  12.623
 1091    2  1586.37    35.05    0.006   10.675   6.455  13.742
 1092    2  1586.37    35.05    0.006    9.748   5.897  11.490
 1093    6     0.37     0.31    0.248   11.567   3.379  11.177
 1094    8   735.31    24.25   -0.520   13.932   5.454  13.627
 1095    4   769.72    21.49    0.246   14.810   5.094  14.729
 1096    1   888.79    24.81    0.526   14.651   6.075  15.881
 1097   11   480.19    20.72   -0.500   14.938   7.266  15.745
 1098    3  1128.12    27.96    0.000   16.266   5.074  14.261
 1099    3  1128.12    27.96   -0.208   16.577   3.930  13.309
 1100    1   888.79    24.81    0.620   17.892   4.112  12.581
 1101   11   480.19    20.72   -0.706   18.356   5.268  12.459
 1102   11   480.19    20.72   -0.706   18.464   3.096  12.128
 1103    6     0.37     0.31    0.248   14.147   6.330  13.195
 1104    8   735.31    24.25   -0.520   14.193   5.563  17.018
 1105    4   769.72    21.49    0.146   13.961   6.395  18.191
 1106    1   888.79    24.81    0.526   15.044   6.123  19.217
 1107   11   480.19    20.72   -0.500   15.237   4.980  19.633
 1108    3  1128.12    27.96    0.100   12.595   6.079  18.799
 1109   14  1831.79    40.48   -0.135   11.232   6.116  17.620
 1110    6     0.37     0.31    0.248   13.980   4.595  17.149
 1111    6     0.37     0.31    0.135   10.121   5.833  18.232
 1112    8   735.31    24.25   -0.520   15.749   7.171  19.629
 1113    4   769.72    21.49    0.201   16.844   7.001  20.576
 1114    1   888.79    24.81    0.526   16.663   7.843  21.824
 1115   11   480.19    20.72   -0.500   16.250   9.000  21.754
 1116    4   769.72    21.49    0.033   18.206   7.359  19.942
 1117    2  1586.37    35.05    0.006   19.306   7.211  20.978
 1118    2  1586.37    35.05    0.006   18.479   6.457  18.750
 1119    6     0.37     0.31    0.248   15.589   8.113  19.334
 1120    8   735.31    24.25   -0.520   16.971   7.241  22.968
 1121    4   769.72    21.49    0.137   16.999   7.950  24.241
 1122    1   888.79    24.81    0.526   17.966   7.294  25.214
 1123   11   480.19    20.72   -0.500   17.843   6.105  25.521
 1124    3  1128.12    27.96    0.037   15.617   7.977  24.880
 1125    3  1128.12    27.96    0.090   15.647   8.478  26.319
 1126   14  1831.79    40.48   -0.025   14.473   9.786  26.530
 1127    2  1586.37    35.05    0.007   15.130  10.683  27.965
 1128    6     0.37     0.31    0.248   17.203   6.271  23.037
 1129    8   735.31    24.25   -0.520   18.917   8.082  25.705
 1130    4   769.72    21.49    0.227   19.865   7.630  26.719
 1131    1   888.79    24.81    0.526   20.404   6.222  26.475
 1132   11   480.19    20.72   -0.500   20.494   5.418  27.403
 1133    3  1128.12    27.96    0.039   19.227   7.697  28.110
 1134    3  1128.12    27.96    0.053   18.973   9.114  28.607
 1135    3  1128.12    27.96    0.048   18.900   9.156  30.127
 1136    3  1128.12    27.96    0.218   17.462   9.226  30.618
 1137    9   725.70    20.26   -0.272   16.667   8.010  30.270
 1138    6     0.37     0.31    0.248   19.050   9.031  25.418
 1139    6     0.37     0.31    0.311   15.734   8.111  30.616
 1140    6     0.37     0.31    0.311   16.644   7.900  29.276
 1141    6     0.37     0.31    0.311   17.090   7.204  30.684
 1142    8   735.31    24.25   -0.520   20.768   5.931  25.229
 1143    4   769.72    21.49    0.246   21.423   4.666  24.932
 1144    1   888.79    24.81    0.526   20.507   3.581  24.393
 1145   11   480.19    20.72   -0.500   20.972   2.586  23.843
 1146    6     0.37     0.31    0.248   20.626   6.530  24.441
 1147    8   735.31    24.25   -0.520   19.202   3.775  24.551
 1148    4   769.72    21.49    0.201   18.210   2.807  24.096
 1149    1   888.79    24.81    0.526   17.649   3.197  22.736
 1150   11   480.19    20.72   -0.500   17.161   4.315  22.560
 1151    4   769.72    21.49    0.033   17.048   2.708  25.099
 1152    2  1586.37    35.05    0.006   15.983   1.763  24.571
 1153    2  1586.37    35.05    0.006   17.575   2.221  26.444
 1154    6     0.37     0.31    0.248   18.811   4.586  24.987
 1155    8   735.31    24.25   -0.520   17.723   2.276  21.778
 1156    4   769.72    21.49    0.268   17.232   2.535  20.431
 1157    1   888.79    24.81    0.526   16.095   1.593  20.062
 1158   11   480.19    20.72   -0.500   16.183   0.383  20.266
 1159    4   769.72    21.49    0.211   18.344   2.363  19.374
 1160   12   500.18    19.68   -0.550   19.460   3.193  19.715
 1161    2  1586.37    35.05    0.007   17.829   2.759  17.989
 1162    6     0.37     0.31    0.248   18.110   1.363  21.909
 1163    6     0.37     0.31    0.310   20.181   3.080  19.031
 1164    8   735.31    24.25   -0.520   15.028   2.154  19.512
 1165    4   769.72    21.49    0.292   13.972   1.348  18.929
 1166    1   888.79    24.81    0.526   13.934   1.587  17.432
 1167   11   480.19    20.72   -0.500   14.103   2.716  16.967
 1168    3  1128.12    27.96    0.194   12.621   1.713  19.548
 1169   12   500.18    19.68   -0.550   11.568   1.035  18.886
 1170    6     0.37     0.31    0.248   14.876   3.141  19.460
 1171    6     0.37     0.31    0.310   11.800   0.067  18.794
 1172    8   735.31    24.25   -0.520   13.726   0.520  16.673
 1173    4   769.72    21.49    0.268   13.567   0.653  15.233
 1174    1   888.79    24.81    0.526   12.153   0.245  14.872
 1175   11   480.19    20.72   -0.500   11.712  -0.846  15.211
 1176    4   769.72    21.49    0.211   14.561  -0.243  14.470
 1177   12   500.18    19.68   -0.550   15.895   0.125  14.826
 1178    2  1586.37    35.05    0.007   14.386  -0.085  12.963
 1179    6     0.37     0.31    0.248   13.665  -0.417  17.018
 1180    6     0.37     0.31    0.310   16.544  -0.456  14.334
 1181    8   735.31    24.25   -0.520   11.443   1.140  14.198
 1182    4   769.72    21.49    0.237   10.108   0.851  13.703
 1183    1   888.79    24.81    0.526   10.150   0.913  12.181
 1184   11   480.19    20.72   -0.500   10.570   1.918  11.610
 1185    3  1128.12    27.96    0.049    9.124   1.896  14.224
 1186    3  1128.12    27.96    0.058    9.219   2.154  15.714
 1187    3  1128.12    27.96    0.111    8.234   1.291  16.461
 1188    8   735.31    24.25   -0.493    6.869   1.777  16.309
 1189    1   888.79    24.81    0.813    5.815   1.189  16.865
 1190    8   735.31    24.25   -0.635    5.980   0.098  17.599
 1191    8   735.31    24.25   -0.634    4.601   1.701  16.703
 1192    6     0.37     0.31    0.248   11.769   2.061  13.986
 1193    6     0.37     0.31    0.294    6.717   2.597  15.757
 1194    6     0.37     0.31    0.361    6.896  -0.281  17.733
 1195    6     0.37     0.31    0.362    5.189  -0.347  18.019
 1196    6     0.37     0.31    0.361    4.477   2.532  16.161
 1197    6     0.37     0.31    0.362    3.810   1.256  17.123
 1198    8   735.31    24.25   -0.520    9.721  -0.154  11.515
 1199    4   769.72    21.49    0.201    9.753  -0.159  10.058
 1200    1   888.79    24.81    0.526    8.353   0.010   9.478
 1201   11   480.19    20.72   -0.500    7.409  -0.658   9.906
 1202    4   769.72    21.49    0.033   10.382  -1.464   9.509
 1203    2  1586.37    35.05    0.006   10.443  -1.406   7.991
 1204    2  1586.37    35.05    0.006   11.793  -1.651  10.079
 1205    6     0.37     0.31    0.248    9.364  -0.987  11.938
 1206    8   735.31    24.25   -0.520    8.232   0.919   8.511
 1207    4   769.72    21.49    0.245    6.974   1.157   7.802
 1208    1   888.79    24.81    0.526    7.123   0.851   6.318
 1209   11   480.19    20.72   -0.500    8.196   1.021   5.742
 1210    3  1128.12    27.96    0.022    6.537   2.617   7.954
 1211    1   888.79    24.81   -0.001    6.014   2.963   9.327
 1212    1   888.79    24.81   -0.035    6.882   3.205  10.385
 1213    1   888.79    24.81   -0.035    4.651   3.058   9.562
 1214    1   888.79    24.81    0.100    6.401   3.532  11.642
 1215    1   888.79    24.81    0.100    4.158   3.387  10.811
 1216    1   888.79    24.81   -0.121    5.037   3.622  11.847
 1217   12   500.18    19.68   -0.368    4.541   3.943  13.091
 1218    6     0.37     0.31    0.248    8.986   1.499   8.203
 1219    6     0.37     0.31    0.339    3.671   4.426  12.989
 1220    8   735.31    24.25   -0.520    6.034   0.409   5.703
 1221    4   769.72    21.49    0.246    5.988   0.241   4.255
 1222    1   888.79    24.81    0.526    4.742   0.908   3.693
 1223   11   480.19    20.72   -0.500    3.815   1.227   4.435
 1224    3  1128.12    27.96    0.000    5.978  -1.242   3.894
 1225    3  1128.12    27.96   -0.208    7.243  -1.973   4.287
 1226    1   888.79    24.81    0.620    7.172  -3.450   3.963
 1227   11   480.19    20.72   -0.706    6.068  -3.923   3.615
 1228   11   480.19    20.72   -0.706    8.215  -4.132   4.054
 1229    6     0.37     0.31    0.248    5.187   0.165   6.174
 1230    8   735.31    24.25   -0.520    4.722   1.113   2.380
 1231    4   769.72    21.49    0.237    3.591   1.766   1.741
 1232    1   888.79    24.81    0.526    2.342   0.899   1.864
 1233   11   480.19    20.72   -0.500    2.386  -0.313   1.640
 1234    3  1128.12    27.96    0.049    3.894   2.044   0.263
 1235    3  1128.12    27.96    0.058    4.967   3.106   0.027
 1236    3  1128.12    27.96    0.111    4.767   3.789  -1.319
 1237    8   735.31    24.25   -0.493    5.861   4.690  -1.674
 1238    1   888.79    24.81    0.813    5.946   5.957  -1.281
 1239    8   735.31    24.25   -0.635    4.999   6.482  -0.516
 1240    8   735.31    24.25   -0.634    6.982   6.701  -1.648
 1241    6     0.37     0.31    0.248    5.456   0.843   1.757
 1242    6     0.37     0.31    0.294    6.594   4.330  -2.251
 1243    6     0.37     0.31    0.361    4.218   5.925  -0.233
 1244    6     0.37     0.31    0.362    5.065   7.435  -0.222
 1245    6     0.37     0.31    0.361    7.701   6.309  -2.222
 1246    6     0.37     0.31    0.362    7.043   7.654  -1.351
 1247    8   735.31    24.25   -0.520    1.231   1.525   2.232
 1248    4   769.72    21.49    0.215   -0.027   0.811   2.375
 1249    1   888.79    24.81    0.526   -0.532   0.387   1.005
 1250   11   480.19    20.72   -0.500    0.077   0.812  -0.001
 1251    2  1586.37    35.05    0.031   -1.057   1.696   3.057
 1252   11   480.19    20.72   -1.000   -1.529  -0.365   0.960
 1253    6     0.37     0.31    0.248    1.179   2.503   2.432
