    1    8   735.31    24.25   -0.520  -37.748  52.017  21.626
    2    4   769.72    21.49    0.246  -38.316  52.041  23.026
    3    1   888.79    24.81    0.526  -39.259  50.861  23.243
    4   11   480.19    20.72   -0.500  -38.957  49.764  22.805
    5    8   735.31    24.25   -0.520  -40.380  51.066  23.936
    6    4   769.72    21.49    0.201  -41.292  49.958  24.143
    7    1   888.79    24.81    0.526  -42.699  50.381  23.716
    8   11   480.19    20.72   -0.500  -43.170  51.470  24.061
    9    4   769.72    21.49    0.033  -41.316  49.444  25.652
   10    2  1586.37    35.05    0.006  -41.679  50.569  26.638
   11    2  1586.37    35.05    0.006  -42.358  48.333  25.799
   12    6     0.37     0.31    0.248  -40.659  51.938  24.338
   13    8   735.31    24.25   -0.520  -43.333  49.533  22.919
   14    4   769.72    21.49    0.210  -44.686  49.771  22.432
   15    1   888.79    24.81    0.526  -45.581  48.816  23.215
   16   11   480.19    20.72   -0.500  -45.218  47.649  23.401
   17    3  1128.12    27.96    0.053  -44.824  49.381  20.979
   18    3  1128.12    27.96   -0.043  -44.401  50.371  19.955
   19    1   888.79    24.81    0.675  -44.360  49.711  18.578
   20   11   480.19    20.72   -0.470  -43.270  49.430  18.052
   21    8   735.31    24.25   -0.867  -45.536  49.393  18.013
   22    6     0.37     0.31    0.248  -42.932  48.676  22.597
   23    6     0.37     0.31    0.344  -45.556  48.912  17.136
   24    6     0.37     0.31    0.344  -46.392  49.637  18.469
   25    8   735.31    24.25   -0.520  -46.758  49.296  23.595
   26    4   769.72    21.49    0.201  -47.734  48.534  24.338
   27    1   888.79    24.81    0.526  -49.014  48.402  23.513
   28   11   480.19    20.72   -0.500  -49.667  49.402  23.241
   29    4   769.72    21.49    0.033  -48.056  49.262  25.649
   30    2  1586.37    35.05    0.006  -49.180  48.568  26.366
   31    2  1586.37    35.05    0.006  -46.772  49.324  26.508
   32    6     0.37     0.31    0.248  -47.054  50.229  23.391
   33    8   735.31    24.25   -0.520  -49.367  47.204  23.092
   34    4   769.72    21.49    0.246  -50.606  47.077  22.317
   35    1   888.79    24.81    0.526  -51.489  46.158  23.072
   36   11   480.19    20.72   -0.500  -51.200  44.967  23.192
   37    3  1128.12    27.96    0.000  -50.336  46.511  20.945
   38    3  1128.12    27.96   -0.208  -49.324  47.352  20.229
   39    1   888.79    24.81    0.620  -48.996  46.785  18.885
   40   11   480.19    20.72   -0.706  -49.942  46.666  18.045
   41   11   480.19    20.72   -0.706  -47.794  46.455  18.690
   42    6     0.37     0.31    0.248  -48.861  46.356  23.253
   43    8   735.31    24.25   -0.520  -52.602  46.692  23.522
   44    4   769.72    21.49    0.268  -53.512  45.953  24.363
   45    1   888.79    24.81    0.526  -54.152  44.733  23.715
   46   11   480.19    20.72   -0.500  -54.611  44.816  22.568
   47    4   769.72    21.49    0.211  -54.596  46.950  24.875
   48   12   500.18    19.68   -0.550  -53.962  47.933  25.717
   49    2  1586.37    35.05    0.007  -55.685  46.230  25.668
   50    6     0.37     0.31    0.248  -52.894  47.627  23.320
   51    6     0.37     0.31    0.310  -54.648  48.580  26.050
   52    8   735.31    24.25   -0.520  -54.198  43.629  24.462
   53    4   769.72    21.49    0.199  -54.873  42.382  24.046
   54    1   888.79    24.81    0.526  -56.248  42.389  24.718
   55   11   480.19    20.72   -0.500  -57.296  42.157  24.068
   56    4   769.72    21.49    0.030  -54.035  41.142  24.484
   57    3  1128.12    27.96    0.017  -52.803  41.087  23.586
   58    2  1586.37    35.05    0.001  -54.873  39.846  24.439
   59    2  1586.37    35.05   -0.001  -51.723  40.132  23.980
   60    6     0.37     0.31    0.248  -53.774  43.568  25.366
   61    8   735.31    24.25   -0.520  -56.259  42.623  26.032
   62    4   769.72    21.49    0.292  -57.510  42.747  26.837
   63    1   888.79    24.81    0.526  -57.241  43.835  27.889
   64   11   480.19    20.72   -0.500  -56.212  43.812  28.579
   65    3  1128.12    27.96    0.194  -57.947  41.433  27.494
   66   12   500.18    19.68   -0.550  -56.901  40.728  28.149
   67    6     0.37     0.31    0.248  -55.425  42.732  26.572
   68    6     0.37     0.31    0.310  -57.265  39.888  28.551
   69    8   735.31    24.25   -0.257  -58.201  44.754  28.070
   70    4   769.72    21.49    0.112  -58.031  45.866  29.020
   71    1   888.79    24.81    0.526  -57.981  45.574  30.506
   72   11   480.19    20.72   -0.500  -58.573  44.595  30.971
   73    3  1128.12    27.96   -0.001  -59.179  46.821  28.652
   74    3  1128.12    27.96    0.036  -60.284  45.858  28.180
   75    3  1128.12    27.96    0.084  -59.515  44.810  27.382
   76    8   735.31    24.25   -0.520  -57.272  46.449  31.215
   77    4   769.72    21.49    0.246  -57.127  46.383  32.670
   78    1   888.79    24.81    0.526  -58.225  47.261  33.250
   79   11   480.19    20.72   -0.500  -59.175  47.579  32.535
   80    6     0.37     0.31    0.248  -56.785  47.218  30.800
   81    8   735.31    24.25   -0.520  -58.093  47.694  34.502
   82    4   769.72    21.49    0.246  -59.128  48.512  35.100
   83    1   888.79    24.81    0.526  -58.943  49.963  34.719
   84   11   480.19    20.72   -0.500  -59.795  50.794  35.003
   85    3  1128.12    27.96   -0.208  -59.180  48.323  36.632
   86    1   888.79    24.81    0.620  -57.973  48.883  37.358
   87   11   480.19    20.72   -0.706  -57.902  48.646  38.590
   88   11   480.19    20.72   -0.706  -57.095  49.537  36.734
   89    6     0.37     0.31    0.248  -57.311  47.498  35.094
   90    8   735.31    24.25   -0.520  -57.842  50.265  34.054
   91    4   769.72    21.49    0.246  -57.618  51.640  33.632
   92    1   888.79    24.81    0.526  -57.388  52.653  34.736
   93   11   480.19    20.72   -0.500  -57.334  53.854  34.463
   94    6     0.37     0.31    0.248  -57.124  49.616  33.805
   95    8   735.31    24.25   -0.520  -57.165  52.185  35.967
   96    4   769.72    21.49    0.237  -56.958  53.139  37.049
   97    1   888.79    24.81    0.526  -55.874  52.724  38.019
   98   11   480.19    20.72   -0.500  -55.289  53.583  38.693
   99    3  1128.12    27.96    0.049  -58.286  53.360  37.820
  100    3  1128.12    27.96    0.058  -58.944  52.050  38.163
  101    3  1128.12    27.96    0.111  -60.200  52.240  39.046
  102    8   735.31    24.25   -0.493  -60.943  50.984  39.135
  103    1   888.79    24.81    0.813  -60.808  50.102  40.115
  104    8   735.31    24.25   -0.635  -61.518  48.983  40.099
  105    8   735.31    24.25   -0.634  -60.001  50.351  41.131
  106    6     0.37     0.31    0.248  -57.126  51.219  36.223
  107    6     0.37     0.31    0.294  -61.597  50.776  38.408
  108    6     0.37     0.31    0.361  -62.154  48.805  39.348
  109    6     0.37     0.31    0.362  -61.417  48.316  40.838
  110    6     0.37     0.31    0.361  -59.488  51.209  41.163
  111    6     0.37     0.31    0.362  -59.903  49.682  41.868
  112    8   735.31    24.25   -0.520  -55.546  51.433  38.050
  113    4   769.72    21.49    0.268  -54.544  50.955  39.012
  114    1   888.79    24.81    0.526  -53.228  50.681  38.279
  115   11   480.19    20.72   -0.500  -53.094  49.643  37.642
  116    4   769.72    21.49    0.211  -55.034  49.663  39.693
  117   12   500.18    19.68   -0.550  -56.345  49.860  40.262
  118    2  1586.37    35.05    0.007  -54.092  49.296  40.770
  119    6     0.37     0.31    0.248  -55.935  50.730  37.454
  120    6     0.37     0.31    0.310  -57.040  49.709  39.559
  121    8   735.31    24.25   -0.520  -52.268  51.595  38.389
  122    4   769.72    21.49    0.214  -50.993  51.470  37.684
  123    1   888.79    24.81    0.526  -49.860  51.207  38.666
  124   11   480.19    20.72   -0.500  -49.831  51.773  39.759
  125    3  1128.12    27.96    0.038  -50.696  52.748  36.915
  126    1   888.79    24.81    0.011  -51.732  53.094  35.879
  127    1   888.79    24.81   -0.011  -51.694  52.516  34.610
  128    1   888.79    24.81   -0.011  -52.761  53.990  36.187
  129    1   888.79    24.81    0.004  -52.676  52.831  33.656
  130    1   888.79    24.81    0.004  -53.742  54.297  35.236
  131    1   888.79    24.81   -0.003  -53.685  53.707  33.969
  132    6     0.37     0.31    0.248  -52.347  52.418  38.951
  133    8   735.31    24.25   -0.257  -48.891  50.383  38.273
  134    4   769.72    21.49    0.112  -47.796  50.088  39.207
  135    1   888.79    24.81    0.526  -47.006  51.323  39.573
  136   11   480.19    20.72   -0.500  -46.843  52.218  38.751
  137    3  1128.12    27.96   -0.001  -46.939  49.070  38.451
  138    3  1128.12    27.96    0.036  -47.860  48.555  37.307
  139    3  1128.12    27.96    0.084  -48.634  49.799  36.937
  140    8   735.31    24.25   -0.520  -46.561  51.382  40.818
  141    4   769.72    21.49    0.227  -45.724  52.496  41.300
  142    1   888.79    24.81    0.526  -44.360  51.902  41.625
  143   11   480.19    20.72   -0.500  -44.244  50.701  41.983
  144    3  1128.12    27.96    0.039  -46.253  53.106  42.591
  145    3  1128.12    27.96    0.053  -47.389  54.078  42.426
  146    3  1128.12    27.96    0.048  -48.168  54.235  43.737
  147    3  1128.12    27.96    0.218  -47.244  54.329  44.942
  148    9   725.70    20.26   -0.272  -46.663  55.686  45.087
  149    6     0.37     0.31    0.248  -46.757  50.688  41.510
  150    6     0.37     0.31    0.311  -46.063  55.709  45.887
  151    6     0.37     0.31    0.311  -46.135  55.912  44.269
  152    6     0.37     0.31    0.311  -47.399  56.353  45.203
  153    8   735.31    24.25   -0.520  -43.321  52.722  41.499
  154    4   769.72    21.49    0.237  -42.013  52.221  41.796
  155    1   888.79    24.81    0.526  -41.975  51.770  43.264
  156   11   480.19    20.72   -0.500  -42.498  52.453  44.155
  157    3  1128.12    27.96    0.049  -40.977  53.289  41.509
  158    3  1128.12    27.96    0.058  -40.771  53.570  40.014
  159    3  1128.12    27.96    0.111  -40.066  54.877  39.847
  160    8   735.31    24.25   -0.493  -38.787  54.948  40.593
  161    1   888.79    24.81    0.813  -37.600  54.527  40.143
  162    8   735.31    24.25   -0.635  -37.461  53.975  38.941
  163    8   735.31    24.25   -0.634  -36.527  54.678  40.913
  164    6     0.37     0.31    0.248  -43.367  53.678  41.210
  165    6     0.37     0.31    0.294  -38.814  55.344  41.511
  166    6     0.37     0.31    0.361  -38.257  53.865  38.346
  167    6     0.37     0.31    0.362  -36.560  53.670  38.632
  168    6     0.37     0.31    0.361  -36.614  55.101  41.815
  169    6     0.37     0.31    0.362  -35.633  54.368  40.590
  170    8   735.31    24.25   -0.520  -41.369  50.608  43.502
  171    4   769.72    21.49    0.246  -41.302  50.076  44.855
  172    1   888.79    24.81    0.526  -42.346  48.990  45.037
  173   11   480.19    20.72   -0.500  -42.298  48.276  46.020
  174    6     0.37     0.31    0.248  -40.935  50.040  42.803
  175    8   735.31    24.25   -0.520  -43.280  48.835  44.089
  176    4   769.72    21.49    0.210  -44.294  47.780  44.242
  177    1   888.79    24.81    0.526  -43.852  46.537  43.481
  178   11   480.19    20.72   -0.500  -43.056  46.633  42.540
  179    3  1128.12    27.96    0.053  -45.647  48.229  43.673
  180    3  1128.12    27.96   -0.043  -46.460  49.084  44.605
  181    1   888.79    24.81    0.675  -47.839  49.389  44.046
  182   11   480.19    20.72   -0.470  -47.963  49.930  42.938
  183    8   735.31    24.25   -0.867  -48.886  49.031  44.801
  184    6     0.37     0.31    0.248  -43.355  49.388  43.259
  185    6     0.37     0.31    0.344  -49.817  49.198  44.476
  186    6     0.37     0.31    0.344  -48.737  48.597  45.689
  187    8   735.31    24.25   -0.520  -44.347  45.379  43.890
  188    4   769.72    21.49    0.268  -44.014  44.124  43.210
  189    1   888.79    24.81    0.526  -45.147  43.814  42.210
  190   11   480.19    20.72   -0.500  -46.314  43.705  42.605
  191    4   769.72    21.49    0.211  -43.910  42.966  44.225
  192   12   500.18    19.68   -0.550  -42.732  43.146  45.045
  193    2  1586.37    35.05    0.007  -43.809  41.611  43.474
  194    6     0.37     0.31    0.248  -44.966  45.278  44.669
  195    6     0.37     0.31    0.310  -42.666  42.396  45.704
  196    8   735.31    24.25   -0.520  -44.802  43.745  40.925
  197    4   769.72    21.49    0.146  -45.741  43.453  39.860
  198    1   888.79    24.81    0.526  -45.791  41.948  39.738
  199   11   480.19    20.72   -0.500  -44.757  41.304  39.744
  200    3  1128.12    27.96    0.100  -45.210  44.032  38.554
  201   14  1831.79    40.48   -0.135  -45.226  45.846  38.604
  202    6     0.37     0.31    0.248  -43.866  43.891  40.604
  203    6     0.37     0.31    0.135  -44.767  46.315  37.482
  204    8   735.31    24.25   -0.520  -46.988  41.388  39.637
  205    4   769.72    21.49    0.201  -47.155  39.960  39.488
  206    1   888.79    24.81    0.526  -47.690  39.785  38.087
  207   11   480.19    20.72   -0.500  -48.738  40.360  37.752
  208    4   769.72    21.49    0.033  -48.190  39.453  40.505
  209    2  1586.37    35.05    0.006  -48.237  38.003  40.479
  210    2  1586.37    35.05    0.006  -47.762  39.895  41.907
  211    6     0.37     0.31    0.248  -47.846  41.902  39.656
  212    8   735.31    24.25   -0.520  -46.982  39.007  37.258
  213    4   769.72    21.49    0.201  -47.434  38.830  35.882
  214    1   888.79    24.81    0.526  -47.306  37.426  35.343
  215   11   480.19    20.72   -0.500  -46.701  36.558  35.968
  216    4   769.72    21.49    0.033  -46.624  39.723  34.937
  217    2  1586.37    35.05    0.006  -46.665  41.182  35.420
  218    2  1586.37    35.05    0.006  -45.144  39.226  34.885
  219    6     0.37     0.31    0.248  -46.144  38.519  37.502
  220    8   735.31    24.25   -0.520  -47.904  37.232  34.172
  221    4   769.72    21.49    0.195  -47.771  35.997  33.428
  222    1   888.79    24.81    0.526  -47.264  36.510  32.104
  223   11   480.19    20.72   -0.500  -47.767  37.516  31.580
  224    3  1128.12    27.96    0.211  -49.091  35.265  33.222
  225    1   888.79    24.81    0.103  -49.202  34.019  34.046
  226    8   735.31    24.25   -0.613  -48.137  33.159  34.223
  227    1   888.79    24.81    0.353  -50.240  33.488  34.733
  228    1   888.79    24.81    0.719  -48.521  32.146  34.979
  229    8   735.31    24.25   -0.686  -49.789  32.321  35.303
  230    6     0.37     0.31    0.248  -48.481  37.916  33.726
  231    6     0.37     0.31    0.478  -47.221  33.283  33.840
  232    6     0.37     0.31    0.486  -50.334  31.704  35.871
  233    8   735.31    24.25   -0.520  -46.271  35.847  31.543
  234    4   769.72    21.49    0.245  -45.730  36.320  30.256
  235    1   888.79    24.81    0.526  -45.225  35.233  29.341
  236   11   480.19    20.72   -0.500  -44.930  34.128  29.803
  237    3  1128.12    27.96    0.022  -44.538  37.258  30.503
  238    1   888.79    24.81   -0.001  -43.285  36.549  30.961
  239    1   888.79    24.81   -0.035  -42.297  36.168  30.047
  240    1   888.79    24.81   -0.035  -43.070  36.256  32.312
  241    1   888.79    24.81    0.100  -41.105  35.504  30.470
  242    1   888.79    24.81    0.100  -41.900  35.593  32.737
  243    1   888.79    24.81   -0.121  -40.930  35.228  31.812
  244   12   500.18    19.68   -0.368  -39.783  34.563  32.237
  245    6     0.37     0.31    0.248  -45.837  35.029  31.920
  246    6     0.37     0.31    0.339  -39.670  33.721  31.709
  247    8   735.31    24.25   -0.520  -45.155  35.557  28.047
  248    4   769.72    21.49    0.268  -44.513  34.686  27.086
  249    1   888.79    24.81    0.526  -43.547  35.628  26.349
  250   11   480.19    20.72   -0.500  -43.911  36.764  26.064
  251    4   769.72    21.49    0.211  -45.499  34.045  26.111
  252   12   500.18    19.68   -0.550  -46.341  33.158  26.854
  253    2  1586.37    35.05    0.007  -44.764  33.204  25.067
  254    6     0.37     0.31    0.248  -45.529  36.399  27.659
  255    6     0.37     0.31    0.310  -46.998  32.726  26.236
  256    8   735.31    24.25   -0.520  -42.323  35.170  26.076
  257    4   769.72    21.49    0.246  -41.346  36.001  25.350
  258    1   888.79    24.81    0.526  -40.995  35.361  24.001
  259   11   480.19    20.72   -0.500  -40.860  34.121  23.921
  260    6     0.37     0.31    0.248  -41.990  34.263  26.334
  261    8   735.31    24.25   -0.520  -40.792  36.196  22.971
  262    4   769.72    21.49    0.137  -40.489  35.722  21.613
  263    1   888.79    24.81    0.526  -39.469  36.618  20.919
  264   11   480.19    20.72   -0.500  -39.430  37.810  21.189
  265    3  1128.12    27.96    0.037  -41.769  35.731  20.761
  266    3  1128.12    27.96    0.090  -42.899  34.906  21.349
  267   14  1831.79    40.48   -0.025  -44.424  35.455  20.544
  268    2  1586.37    35.05    0.007  -45.004  36.705  21.902
  269    6     0.37     0.31    0.248  -40.832  37.192  23.053
  270    8   735.31    24.25   -0.520  -38.613  36.057  20.072
  271    4   769.72    21.49    0.204  -37.708  36.902  19.325
  272    1   888.79    24.81    0.526  -38.514  37.291  18.073
  273   11   480.19    20.72   -0.500  -39.702  36.971  17.972
  274    3  1128.12    27.96    0.016  -36.443  36.152  18.882
  275    4   769.72    21.49    0.054  -35.662  35.488  20.014
  276    2  1586.37    35.05   -0.014  -34.566  34.679  19.382
  277    2  1586.37    35.05   -0.014  -35.024  36.567  20.935
  278    6     0.37     0.31    0.248  -38.533  35.076  19.897
  279    8   735.31    24.25   -0.520  -37.872  37.957  17.111
  280    4   769.72    21.49    0.246  -38.585  38.381  15.916
  281    1   888.79    24.81    0.526  -39.210  37.262  15.101
  282   11   480.19    20.72   -0.500  -40.149  37.546  14.340
  283    3  1128.12    27.96    0.000  -37.693  39.218  14.984
  284    3  1128.12    27.96   -0.208  -36.410  38.521  14.508
  285    1   888.79    24.81    0.620  -36.549  37.318  13.505
  286   11   480.19    20.72   -0.706  -37.358  37.301  12.529
  287   11   480.19    20.72   -0.706  -35.750  36.360  13.699
  288    6     0.37     0.31    0.248  -36.903  38.202  17.137
  289    8   735.31    24.25   -0.520  -38.733  36.023  15.217
  290    4   769.72    21.49    0.246  -39.358  34.934  14.441
  291    1   888.79    24.81    0.526  -40.706  34.496  14.978
  292   11   480.19    20.72   -0.500  -41.435  33.718  14.288
  293    3  1128.12    27.96   -0.208  -38.464  33.713  14.284
  294    1   888.79    24.81    0.620  -37.995  33.113  15.606
  295   11   480.19    20.72   -0.706  -37.144  32.213  15.536
  296   11   480.19    20.72   -0.706  -38.442  33.513  16.691
  297    6     0.37     0.31    0.248  -37.966  35.753  15.799
  298    8   735.31    24.25   -0.520  -41.056  35.023  16.144
  299    4   769.72    21.49    0.246  -42.340  34.725  16.788
  300    1   888.79    24.81    0.526  -42.350  33.484  17.708
  301   11   480.19    20.72   -0.500  -43.357  33.148  18.390
  302    6     0.37     0.31    0.248  -40.477  35.653  16.662
  303    8   735.31    24.25   -0.520  -41.223  32.792  17.736
  304    4   769.72    21.49    0.227  -41.152  31.550  18.487
  305    1   888.79    24.81    0.526  -41.048  31.789  19.968
  306   11   480.19    20.72   -0.500  -40.319  32.679  20.376
  307    3  1128.12    27.96    0.039  -39.954  30.727  17.982
  308    3  1128.12    27.96    0.053  -40.243  30.051  16.609
  309    3  1128.12    27.96    0.048  -38.989  29.373  16.072
  310    3  1128.12    27.96    0.218  -38.636  28.133  16.931
  311    9   725.70    20.26   -0.272  -37.490  27.316  16.337
  312    6     0.37     0.31    0.248  -40.379  33.056  17.268
  313    6     0.37     0.31    0.311  -37.301  26.530  16.925
  314    6     0.37     0.31    0.311  -37.746  26.995  15.425
  315    6     0.37     0.31    0.311  -36.672  27.887  16.271
  316    8   735.31    24.25   -0.520  -41.787  31.021  20.775
  317    4   769.72    21.49    0.227  -41.740  31.211  22.216
  318    1   888.79    24.81    0.526  -40.381  30.779  22.764
  319   11   480.19    20.72   -0.500  -39.968  29.660  22.485
  320    3  1128.12    27.96    0.039  -42.849  30.370  22.849
  321    3  1128.12    27.96    0.053  -43.039  30.543  24.343
  322    3  1128.12    27.96    0.048  -44.098  29.549  24.917
  323    3  1128.12    27.96    0.218  -45.427  29.621  24.136
  324    9   725.70    20.26   -0.272  -46.464  28.600  24.581
  325    6     0.37     0.31    0.248  -42.398  30.293  20.464
  326    6     0.37     0.31    0.311  -47.294  28.706  24.033
  327    6     0.37     0.31    0.311  -46.099  27.677  24.456
  328    6     0.37     0.31    0.311  -46.682  28.744  25.546
  329    8   735.31    24.25   -0.520  -39.674  31.623  23.520
  330    4   769.72    21.49    0.214  -38.404  31.193  24.094
  331    1   888.79    24.81    0.526  -38.515  31.081  25.614
  332   11   480.19    20.72   -0.500  -37.632  30.492  26.262
  333    3  1128.12    27.96    0.038  -37.209  32.079  23.699
  334    1   888.79    24.81    0.011  -37.274  33.489  24.197
  335    1   888.79    24.81   -0.011  -37.480  34.547  23.319
  336    1   888.79    24.81   -0.011  -37.110  33.768  25.548
  337    1   888.79    24.81    0.004  -37.525  35.865  23.770
  338    1   888.79    24.81    0.004  -37.155  35.082  26.004
  339    1   888.79    24.81   -0.003  -37.368  36.129  25.103
  340    6     0.37     0.31    0.248  -39.946  32.560  23.738
  341    8   735.31    24.25   -0.520  -39.568  31.665  26.182
  342    4   769.72    21.49    0.246  -39.839  31.505  27.632
  343    1   888.79    24.81    0.526  -41.305  31.753  27.954
  344   11   480.19    20.72   -0.500  -41.979  32.536  27.297
  345    3  1128.12    27.96   -0.208  -38.992  32.411  28.517
  346    1   888.79    24.81    0.620  -38.979  31.928  29.969
  347   11   480.19    20.72   -0.706  -38.826  32.761  30.861
  348   11   480.19    20.72   -0.706  -39.089  30.690  30.210
  349    6     0.37     0.31    0.248  -40.230  32.233  25.693
  350    8   735.31    24.25   -0.520  -41.809  31.091  28.975
  351    4   769.72    21.49    0.292  -43.201  31.306  29.320
  352    1   888.79    24.81    0.526  -43.520  30.949  30.769
  353   11   480.19    20.72   -0.500  -43.333  29.791  31.160
  354    3  1128.12    27.96    0.194  -44.061  30.464  28.422
  355   12   500.18    19.68   -0.550  -45.387  30.413  28.955
  356    6     0.37     0.31    0.248  -41.312  30.439  29.548
  357    6     0.37     0.31    0.310  -45.965  29.855  28.360
  358    8   735.31    24.25   -0.520  -44.007  31.915  31.546
  359    4   769.72    21.49    0.292  -44.372  31.668  32.947
  360    1   888.79    24.81    0.526  -45.658  30.864  32.947
  361   11   480.19    20.72   -0.500  -45.955  30.171  33.890
  362    3  1128.12    27.96    0.194  -44.632  32.971  33.710
  363   12   500.18    19.68   -0.550  -45.743  33.682  33.180
  364    6     0.37     0.31    0.248  -44.156  32.855  31.240
  365    6     0.37     0.31    0.310  -45.902  33.397  32.235
  366    8   735.31    24.25   -0.520  -46.465  31.023  31.914
  367    4   769.72    21.49    0.237  -47.724  30.254  31.842
  368    1   888.79    24.81    0.526  -47.468  28.719  31.780
  369   11   480.19    20.72   -0.500  -48.227  27.912  32.358
  370    3  1128.12    27.96    0.049  -48.523  30.667  30.602
  371    3  1128.12    27.96    0.058  -49.053  32.079  30.708
  372    3  1128.12    27.96    0.111  -50.141  32.388  29.702
  373    8   735.31    24.25   -0.493  -50.472  33.816  29.758
  374    1   888.79    24.81    0.813  -51.421  34.330  30.549
  375    8   735.31    24.25   -0.635  -52.128  33.515  31.337
  376    8   735.31    24.25   -0.634  -51.668  35.659  30.580
  377    6     0.37     0.31    0.248  -46.296  31.640  31.145
  378    6     0.37     0.31    0.294  -49.959  34.442  29.171
  379    6     0.37     0.31    0.361  -51.945  32.532  31.332
  380    6     0.37     0.31    0.362  -52.840  33.888  31.932
  381    6     0.37     0.31    0.361  -51.136  36.280  30.004
  382    6     0.37     0.31    0.362  -52.382  36.021  31.179
  383    8   735.31    24.25   -0.520  -46.430  28.321  31.048
  384    4   769.72    21.49    0.246  -46.112  26.887  30.895
  385    1   888.79    24.81    0.526  -45.602  26.288  32.209
  386   11   480.19    20.72   -0.500  -45.643  25.061  32.411
  387    3  1128.12    27.96   -0.208  -45.075  26.688  29.768
  388    1   888.79    24.81    0.620  -45.696  26.846  28.379
  389   11   480.19    20.72   -0.706  -44.968  27.084  27.381
  390   11   480.19    20.72   -0.706  -46.950  26.712  28.277
  391    6     0.37     0.31    0.248  -45.811  28.940  30.565
  392    8   735.31    24.25   -0.520  -45.119  27.151  33.094
  393    4   769.72    21.49    0.237  -44.640  26.713  34.408
  394    1   888.79    24.81    0.526  -45.776  26.821  35.420
  395   11   480.19    20.72   -0.500  -45.622  26.444  36.578
  396    3  1128.12    27.96    0.049  -43.494  27.606  34.923
  397    3  1128.12    27.96    0.058  -42.232  27.586  34.106
  398    3  1128.12    27.96    0.111  -41.145  28.310  34.838
  399    8   735.31    24.25   -0.493  -41.162  29.765  34.651
  400    1   888.79    24.81    0.813  -40.720  30.382  33.555
  401    8   735.31    24.25   -0.635  -40.241  29.667  32.535
  402    8   735.31    24.25   -0.634  -40.696  31.707  33.503
  403    6     0.37     0.31    0.248  -45.048  28.136  32.934
  404    6     0.37     0.31    0.294  -41.528  30.329  35.391
  405    6     0.37     0.31    0.361  -40.214  28.669  32.593
  406    6     0.37     0.31    0.362  -39.909  30.129  31.713
  407    6     0.37     0.31    0.361  -41.010  32.244  34.286
  408    6     0.37     0.31    0.362  -40.364  32.169  32.681
  409    8   735.31    24.25   -0.520  -46.903  27.366  34.989
  410    4   769.72    21.49    0.217  -48.039  27.570  35.875
  411    1   888.79    24.81    0.526  -47.675  28.272  37.172
  412   11   480.19    20.72   -0.500  -48.158  27.906  38.247
  413    3  1128.12    27.96    0.003  -48.754  26.250  36.156
  414    1   888.79    24.81    0.675  -49.613  25.811  34.970
  415   11   480.19    20.72   -0.470  -50.709  26.371  34.708
  416    8   735.31    24.25   -0.867  -49.124  24.829  34.237
  417    6     0.37     0.31    0.248  -47.053  27.670  34.048
  418    6     0.37     0.31    0.344  -49.629  24.502  33.438
  419    6     0.37     0.31    0.344  -48.249  24.411  34.481
  420    8   735.31    24.25   -0.520  -46.835  29.295  37.054
  421    4   769.72    21.49    0.227  -46.392  30.085  38.197
  422    1   888.79    24.81    0.526  -46.101  31.554  37.742
  423   11   480.19    20.72   -0.500  -45.160  31.816  36.953
  424    3  1128.12    27.96    0.039  -45.135  29.442  38.803
  425    3  1128.12    27.96    0.053  -44.394  30.306  39.839
  426    3  1128.12    27.96    0.048  -43.536  29.477  40.834
  427    3  1128.12    27.96    0.218  -42.886  30.390  41.863
  428    9   725.70    20.26   -0.272  -42.310  29.644  43.032
  429    6     0.37     0.31    0.248  -46.450  29.594  36.181
  430    6     0.37     0.31    0.311  -41.898  30.293  43.672
  431    6     0.37     0.31    0.311  -43.037  29.136  43.494
  432    6     0.37     0.31    0.311  -41.611  29.006  42.709
  433    8   735.31    24.25   -0.257  -46.914  32.518  38.205
  434    4   769.72    21.49    0.112  -46.652  33.908  37.783
  435    1   888.79    24.81    0.526  -45.264  34.350  38.199
  436   11   480.19    20.72   -0.500  -44.738  33.874  39.206
  437    3  1128.12    27.96   -0.001  -47.731  34.714  38.507
  438    3  1128.12    27.96    0.036  -48.837  33.725  38.614
  439    3  1128.12    27.96    0.084  -48.152  32.436  38.998
  440    8   735.31    24.25   -0.520  -44.693  35.243  37.409
  441    4   769.72    21.49    0.214  -43.383  35.815  37.651
  442    1   888.79    24.81    0.526  -43.568  37.115  38.420
  443   11   480.19    20.72   -0.500  -44.501  37.883  38.154
  444    3  1128.12    27.96    0.038  -42.702  36.083  36.298
  445    1   888.79    24.81    0.011  -41.464  36.895  36.392
  446    1   888.79    24.81   -0.011  -41.366  38.083  35.695
  447    1   888.79    24.81   -0.011  -40.404  36.494  37.213
  448    1   888.79    24.81    0.004  -40.216  38.887  35.801
  449    1   888.79    24.81    0.004  -39.230  37.291  37.339
  450    1   888.79    24.81   -0.003  -39.139  38.481  36.631
  451    6     0.37     0.31    0.248  -45.130  35.590  36.579
  452    8   735.31    24.25   -0.520  -42.683  37.390  39.366
  453    4   769.72    21.49    0.227  -42.785  38.639  40.108
  454    1   888.79    24.81    0.526  -41.540  39.498  40.034
  455   11   480.19    20.72   -0.500  -40.456  38.967  40.041
  456    3  1128.12    27.96    0.039  -43.044  38.350  41.583
  457    3  1128.12    27.96    0.053  -44.239  37.457  41.788
  458    3  1128.12    27.96    0.048  -44.558  37.284  43.274
  459    3  1128.12    27.96    0.218  -45.665  36.252  43.505
  460    9   725.70    20.26   -0.272  -46.149  36.414  44.962
  461    6     0.37     0.31    0.248  -41.922  36.797  39.628
  462    6     0.37     0.31    0.311  -46.875  35.752  45.148
  463    6     0.37     0.31    0.311  -45.385  36.254  45.587
  464    6     0.37     0.31    0.311  -46.500  37.341  45.096
  465    8   735.31    24.25   -0.520  -41.706  40.811  39.979
  466    4   769.72    21.49    0.214  -40.541  41.719  39.999
  467    1   888.79    24.81    0.526  -40.918  43.065  40.626
  468   11   480.19    20.72   -0.500  -42.095  43.471  40.574
  469    3  1128.12    27.96    0.038  -39.979  41.883  38.581
  470    1   888.79    24.81    0.011  -40.785  42.788  37.714
  471    1   888.79    24.81   -0.011  -40.504  44.153  37.651
  472    1   888.79    24.81   -0.011  -41.841  42.270  36.957
  473    1   888.79    24.81    0.004  -41.291  44.986  36.819
  474    1   888.79    24.81    0.004  -42.617  43.075  36.156
  475    1   888.79    24.81   -0.003  -42.352  44.428  36.080
  476    6     0.37     0.31    0.248  -42.594  41.267  39.922
  477    8   735.31    24.25   -0.520  -39.955  43.721  41.296
  478    4   769.72    21.49    0.137  -40.232  45.039  41.899
  479    1   888.79    24.81    0.526  -39.889  46.178  40.912
  480   11   480.19    20.72   -0.500  -38.746  46.319  40.502
  481    3  1128.12    27.96    0.037  -39.409  45.241  43.170
  482    3  1128.12    27.96    0.090  -39.657  46.600  43.800
  483   14  1831.79    40.48   -0.025  -38.707  46.718  45.387
  484    2  1586.37    35.05    0.007  -39.369  45.424  46.245
  485    6     0.37     0.31    0.248  -39.024  43.382  41.430
  486    8   735.31    24.25   -0.520  -40.874  46.980  40.532
  487    4   769.72    21.49    0.204  -40.669  48.070  39.597
  488    1   888.79    24.81    0.526  -39.715  49.060  40.204
  489   11   480.19    20.72   -0.500  -39.952  49.507  41.346
  490    3  1128.12    27.96    0.016  -41.993  48.791  39.354
  491    4   769.72    21.49    0.054  -42.381  49.270  37.952
  492    2  1586.37    35.05   -0.014  -43.337  50.480  38.120
  493    2  1586.37    35.05   -0.014  -41.151  49.645  37.114
  494    6     0.37     0.31    0.248  -41.816  46.893  40.858
  495    8   735.31    24.25   -0.520  -38.664  49.403  39.457
  496    4   769.72    21.49    0.246  -37.695  50.392  39.913
  497    1   888.79    24.81    0.526  -36.355  49.883  40.427
  498   11   480.19    20.72   -0.500  -35.400  50.668  40.593
  499    6     0.37     0.31    0.248  -38.469  49.018  38.555
  500    8   735.31    24.25   -0.520  -36.306  48.576  40.684
  501    4   769.72    21.49    0.227  -35.128  47.882  41.209
  502    1   888.79    24.81    0.526  -34.228  47.520  40.043
  503   11   480.19    20.72   -0.500  -33.132  47.008  40.230
  504    3  1128.12    27.96    0.039  -35.604  46.609  41.964
  505    3  1128.12    27.96    0.053  -34.562  45.782  42.737
  506    3  1128.12    27.96    0.048  -35.063  45.467  44.161
  507    3  1128.12    27.96    0.218  -34.622  44.055  44.598
  508    9   725.70    20.26   -0.272  -35.026  43.691  45.997
  509    6     0.37     0.31    0.248  -37.085  47.968  40.533
  510    6     0.37     0.31    0.311  -34.707  42.767  46.207
  511    6     0.37     0.31    0.311  -34.619  44.338  46.641
  512    6     0.37     0.31    0.311  -36.022  43.725  46.076
  513    8   735.31    24.25   -0.520  -34.692  47.817  38.836
  514    4   769.72    21.49    0.210  -33.951  47.498  37.620
  515    1   888.79    24.81    0.526  -33.607  45.978  37.589
  516   11   480.19    20.72   -0.500  -32.489  45.591  37.196
  517    3  1128.12    27.96    0.053  -32.660  48.375  37.500
  518    3  1128.12    27.96   -0.043  -32.897  49.863  37.103
  519    1   888.79    24.81    0.675  -32.291  50.888  38.093
  520   11   480.19    20.72   -0.470  -32.984  51.800  38.547
  521    8   735.31    24.25   -0.867  -31.015  50.728  38.432
  522    6     0.37     0.31    0.248  -35.567  48.273  38.675
  523    6     0.37     0.31    0.344  -30.586  51.361  39.077
  524    6     0.37     0.31    0.344  -30.485  49.975  38.042
  525    8   735.31    24.25   -0.520  -34.547  45.115  37.998
  526    4   769.72    21.49    0.246  -34.272  43.673  37.923
  527    1   888.79    24.81    0.526  -34.916  43.036  36.698
  528   11   480.19    20.72   -0.500  -34.918  41.815  36.550
  529    3  1128.12    27.96    0.000  -34.663  42.907  39.197
  530    3  1128.12    27.96   -0.208  -36.086  43.080  39.625
  531    1   888.79    24.81    0.620  -36.378  42.403  40.961
  532   11   480.19    20.72   -0.706  -35.436  41.959  41.675
  533   11   480.19    20.72   -0.706  -37.577  42.321  41.297
  534    6     0.37     0.31    0.248  -35.445  45.367  38.360
  535    8   735.31    24.25   -0.520  -35.444  43.882  35.817
  536    4   769.72    21.49    0.201  -35.956  43.453  34.520
  537    1   888.79    24.81    0.526  -35.461  44.494  33.517
  538   11   480.19    20.72   -0.500  -35.062  45.605  33.891
  539    4   769.72    21.49    0.033  -37.497  43.336  34.444
  540    2  1586.37    35.05    0.006  -37.955  42.295  35.387
  541    2  1586.37    35.05    0.006  -38.192  44.661  34.724
  542    6     0.37     0.31    0.248  -35.527  44.865  35.980
  543    8   735.31    24.25   -0.520  -35.477  44.158  32.232
  544    4   769.72    21.49    0.199  -34.984  45.097  31.221
  545    1   888.79    24.81    0.526  -35.796  46.373  31.156
  546   11   480.19    20.72   -0.500  -36.910  46.431  31.653
  547    4   769.72    21.49    0.030  -34.970  44.425  29.855
  548    3  1128.12    27.96    0.017  -36.320  43.733  29.578
  549    2  1586.37    35.05    0.001  -33.906  43.351  29.883
  550    2  1586.37    35.05   -0.001  -36.496  43.250  28.043
  551    6     0.37     0.31    0.248  -35.809  43.285  31.875
  552    8   735.31    24.25   -0.520  -35.205  47.425  30.583
  553    4   769.72    21.49    0.237  -35.860  48.719  30.517
  554    1   888.79    24.81    0.526  -37.234  48.643  29.863
  555   11   480.19    20.72   -0.500  -38.181  49.295  30.317
  556    3  1128.12    27.96    0.049  -35.002  49.707  29.724
  557    3  1128.12    27.96    0.058  -35.549  51.135  29.809
  558    3  1128.12    27.96    0.111  -34.636  52.072  29.015
  559    8   735.31    24.25   -0.493  -35.119  53.459  29.106
  560    1   888.79    24.81    0.813  -34.513  54.495  28.545
  561    8   735.31    24.25   -0.635  -33.398  54.301  27.858
  562    8   735.31    24.25   -0.634  -35.029  55.740  28.676
  563    6     0.37     0.31    0.248  -34.295  47.399  30.170
  564    6     0.37     0.31    0.294  -35.957  53.630  29.624
  565    6     0.37     0.31    0.361  -33.021  53.379  27.766
  566    6     0.37     0.31    0.362  -32.933  55.076  27.431
  567    6     0.37     0.31    0.361  -35.871  55.880  29.198
  568    6     0.37     0.31    0.362  -34.569  56.519  28.251
  569    8   735.31    24.25   -0.520  -37.348  47.883  28.773
  570    4   769.72    21.49    0.246  -38.644  47.759  28.113
  571    1   888.79    24.81    0.526  -39.738  47.252  29.042
  572   11   480.19    20.72   -0.500  -40.900  47.643  28.935
  573    6     0.37     0.31    0.248  -36.601  47.371  28.350
  574    8   735.31    24.25   -0.520  -39.371  46.362  29.953
  575    4   769.72    21.49    0.248  -40.355  45.831  30.895
  576    1   888.79    24.81    0.526  -40.681  46.856  31.990
  577   11   480.19    20.72   -0.500  -41.843  46.993  32.398
  578    3  1128.12    27.96    0.020  -39.851  44.550  31.572
  579    1   888.79    24.81    0.046  -40.320  43.253  30.972
  580    1   888.79    24.81    0.117  -40.115  42.827  29.685
  581    1   888.79    24.81   -0.275  -41.055  42.199  31.631
  582    8   735.31    24.25   -0.330  -40.671  41.579  29.511
  583    1   888.79    24.81    0.000  -41.254  41.171  30.681
  584    1   888.79    24.81    0.145  -41.554  42.026  32.932
  585    1   888.79    24.81    0.029  -41.941  39.970  30.978
  586    1   888.79    24.81   -0.082  -42.257  40.804  33.243
  587    1   888.79    24.81    0.034  -42.436  39.800  32.263
  588    6     0.37     0.31    0.248  -38.443  46.005  30.060
  589    6     0.37     0.31    0.294  -40.652  41.052  28.661
  590    8   735.31    24.25   -0.520  -39.679  47.565  32.508
  591    4   769.72    21.49    0.246  -39.999  48.516  33.558
  592    1   888.79    24.81    0.526  -40.923  49.589  33.040
  593   11   480.19    20.72   -0.500  -41.948  49.944  33.657
  594    3  1128.12    27.96    0.000  -38.725  49.150  34.111
  595    3  1128.12    27.96   -0.208  -38.094  48.237  35.122
  596    1   888.79    24.81    0.620  -37.411  48.994  36.172
  597   11   480.19    20.72   -0.706  -37.433  48.518  37.308
  598   11   480.19    20.72   -0.706  -36.862  50.074  35.838
  599    6     0.37     0.31    0.248  -38.717  47.506  32.241
  600    8   735.31    24.25   -0.520  -40.609  50.058  31.849
  601    4   769.72    21.49    0.246  -41.420  51.127  31.281
  602    1   888.79    24.81    0.526  -42.737  50.631  30.698
  603   11   480.19    20.72   -0.500  -43.759  51.337  30.744
  604    3  1128.12    27.96    0.000  -40.613  51.850  30.213
  605    3  1128.12    27.96   -0.208  -39.423  52.585  30.862
  606    1   888.79    24.81    0.620  -38.836  53.662  29.986
  607   11   480.19    20.72   -0.706  -39.527  54.116  29.025
  608   11   480.19    20.72   -0.706  -37.690  54.050  30.279
  609    6     0.37     0.31    0.248  -39.847  49.742  31.283
  610    8   735.31    24.25   -0.520  -42.737  49.418  30.165
  611    4   769.72    21.49    0.246  -43.965  48.943  29.543
  612    1   888.79    24.81    0.526  -45.016  48.524  30.558
  613   11   480.19    20.72   -0.500  -46.201  48.891  30.470
  614    6     0.37     0.31    0.248  -41.962  48.786  30.148
  615    8   735.31    24.25   -0.520  -44.589  47.754  31.555
  616    4   769.72    21.49    0.201  -45.536  47.324  32.573
  617    1   888.79    24.81    0.526  -46.026  48.546  33.374
  618   11   480.19    20.72   -0.500  -47.195  48.599  33.801
  619    4   769.72    21.49    0.033  -44.901  46.252  33.530
  620    2  1586.37    35.05    0.006  -45.910  45.839  34.624
  621    2  1586.37    35.05    0.006  -44.565  44.974  32.754
  622    6     0.37     0.31    0.248  -43.650  47.433  31.675
  623    8   735.31    24.25   -0.520  -45.152  49.533  33.578
  624    4   769.72    21.49    0.215  -45.550  50.739  34.343
  625    1   888.79    24.81    0.526  -46.748  51.443  33.707
  626   11   480.19    20.72   -0.500  -47.515  52.134  34.367
  627    2  1586.37    35.05    0.031  -44.388  51.712  34.455
  628    6     0.37     0.31    0.248  -44.208  49.534  33.247
  629    8   735.31    24.25   -0.520  -46.896  51.299  32.400
  630    4   769.72    21.49    0.210  -48.037  51.911  31.703
  631    1   888.79    24.81    0.526  -49.317  51.069  31.725
  632   11   480.19    20.72   -0.500  -50.357  51.537  31.252
  633    3  1128.12    27.96    0.053  -47.700  52.121  30.223
  634    3  1128.12    27.96   -0.043  -46.647  53.093  29.941
  635    1   888.79    24.81    0.675  -46.224  52.996  28.475
  636   11   480.19    20.72   -0.470  -47.068  52.866  27.556
  637    8   735.31    24.25   -0.867  -44.931  53.049  28.250
  638    6     0.37     0.31    0.248  -46.270  50.785  31.813
  639    6     0.37     0.31    0.344  -44.583  52.985  27.315
  640    6     0.37     0.31    0.344  -44.294  53.153  29.014
  641    8   735.31    24.25   -0.520  -49.241  49.828  32.205
  642    4   769.72    21.49    0.137  -50.418  48.964  32.205
  643    1   888.79    24.81    0.526  -51.170  49.082  33.492
  644   11   480.19    20.72   -0.500  -50.602  49.475  34.500
  645    3  1128.12    27.96    0.037  -50.030  47.493  32.011
  646    3  1128.12    27.96    0.090  -49.205  47.241  30.747
  647   14  1831.79    40.48   -0.025  -48.530  45.547  30.587
  648    2  1586.37    35.05    0.007  -50.084  44.534  30.627
  649    6     0.37     0.31    0.248  -48.413  49.415  32.583
  650    8   735.31    24.25   -0.520  -52.452  48.771  33.442
  651    4   769.72    21.49    0.292  -53.280  48.776  34.644
  652    1   888.79    24.81    0.526  -53.574  47.336  35.041
  653   11   480.19    20.72   -0.500  -53.515  46.436  34.195
  654    3  1128.12    27.96    0.194  -54.588  49.520  34.398
  655   12   500.18    19.68   -0.550  -55.289  49.031  33.255
  656    6     0.37     0.31    0.248  -52.936  48.517  32.604
  657    6     0.37     0.31    0.310  -55.545  49.798  32.667
  658    8   735.31    24.25   -0.520  -53.883  47.113  36.328
  659    4   769.72    21.49    0.201  -54.136  45.769  36.802
  660    1   888.79    24.81    0.526  -55.242  45.162  35.968
  661   11   480.19    20.72   -0.500  -56.294  45.774  35.732
  662    4   769.72    21.49    0.033  -54.501  45.741  38.315
  663    2  1586.37    35.05    0.006  -54.869  44.312  38.772
  664    2  1586.37    35.05    0.006  -53.353  46.209  39.104
  665    6     0.37     0.31    0.248  -53.958  47.827  37.024
  666    8   735.31    24.25   -0.520  -54.982  43.967  35.492
  667    4   769.72    21.49    0.246  -55.969  43.263  34.692
  668    1   888.79    24.81    0.526  -55.675  43.314  33.205
  669   11   480.19    20.72   -0.500  -56.197  42.511  32.410
  670    6     0.37     0.31    0.248  -54.125  43.473  35.637
  671    8   735.31    24.25   -0.520  -54.796  44.241  32.836
  672    4   769.72    21.49    0.210  -54.448  44.407  31.423
  673    1   888.79    24.81    0.526  -53.567  43.292  30.882
  674   11   480.19    20.72   -0.500  -52.664  42.755  31.575
  675    3  1128.12    27.96    0.053  -53.732  45.748  31.219
  676    3  1128.12    27.96   -0.043  -53.737  46.233  29.769
  677    1   888.79    24.81    0.675  -53.113  47.591  29.650
  678   11   480.19    20.72   -0.470  -52.916  48.273  30.648
  679    8   735.31    24.25   -0.867  -52.836  48.020  28.410
  680    6     0.37     0.31    0.248  -54.329  44.864  33.464
  681    6     0.37     0.31    0.344  -52.452  48.933  28.271
  682    6     0.37     0.31    0.344  -53.014  47.427  27.624
  683    8   735.31    24.25   -0.520  -53.837  42.910  29.636
  684    4   769.72    21.49    0.237  -52.976  41.941  28.981
  685    1   888.79    24.81    0.526  -52.566  42.698  27.730
  686   11   480.19    20.72   -0.500  -53.424  43.251  27.054
  687    3  1128.12    27.96    0.049  -53.707  40.657  28.581
  688    3  1128.12    27.96    0.058  -52.728  39.581  28.045
  689    3  1128.12    27.96    0.111  -53.417  38.219  27.896
  690    8   735.31    24.25   -0.493  -52.477  37.219  27.444
  691    1   888.79    24.81    0.813  -52.651  35.897  27.548
  692    8   735.31    24.25   -0.635  -53.753  35.381  28.111
  693    8   735.31    24.25   -0.634  -51.715  35.087  27.090
  694    6     0.37     0.31    0.248  -54.606  43.240  29.088
  695    6     0.37     0.31    0.294  -51.630  37.541  27.020
  696    6     0.37     0.31    0.361  -54.465  35.988  28.463
  697    6     0.37     0.31    0.362  -53.863  34.389  28.178
  698    6     0.37     0.31    0.361  -50.889  35.464  26.672
  699    6     0.37     0.31    0.362  -51.832  34.096  27.161
  700    8   735.31    24.25   -0.520  -51.269  42.773  27.457
  701    4   769.72    21.49    0.215  -50.809  43.482  26.258
  702    1   888.79    24.81    0.526  -49.582  42.862  25.580
  703   11   480.19    20.72   -0.500  -48.806  42.139  26.214
  704    2  1586.37    35.05    0.031  -50.461  44.941  26.639
  705    6     0.37     0.31    0.248  -50.544  42.373  28.018
  706    8   735.31    24.25   -0.520  -49.388  43.187  24.304
  707    4   769.72    21.49    0.227  -48.185  42.777  23.605
  708    1   888.79    24.81    0.526  -47.173  43.913  23.800
  709   11   480.19    20.72   -0.500  -47.466  45.061  23.435
  710    3  1128.12    27.96    0.039  -48.447  42.638  22.101
  711    3  1128.12    27.96    0.053  -47.219  42.129  21.346
  712    3  1128.12    27.96    0.048  -47.543  41.784  19.875
  713    3  1128.12    27.96    0.218  -47.887  42.996  19.045
  714    9   725.70    20.26   -0.272  -48.123  42.472  17.680
  715    6     0.37     0.31    0.248  -50.032  43.718  23.753
  716    6     0.37     0.31    0.311  -48.358  43.227  17.069
  717    6     0.37     0.31    0.311  -47.295  42.021  17.348
  718    6     0.37     0.31    0.311  -48.875  41.814  17.701
  719    8   735.31    24.25   -0.520  -45.980  43.602  24.354
  720    4   769.72    21.49    0.204  -44.915  44.589  24.536
  721    1   888.79    24.81    0.526  -43.841  44.339  23.438
  722   11   480.19    20.72   -0.500  -43.260  43.242  23.380
  723    3  1128.12    27.96    0.016  -44.245  44.401  25.904
  724    4   769.72    21.49    0.054  -44.900  45.178  27.023
  725    2  1586.37    35.05   -0.014  -46.356  44.945  27.051
  726    2  1586.37    35.05   -0.014  -44.214  44.792  28.343
  727    6     0.37     0.31    0.248  -45.743  42.685  24.675
  728    8   735.31    24.25   -0.520  -43.573  45.324  22.602
  729    4   769.72    21.49    0.268  -42.567  45.151  21.545
  730    1   888.79    24.81    0.526  -41.446  46.061  21.990
  731   11   480.19    20.72   -0.500  -41.628  47.290  22.075
  732    4   769.72    21.49    0.211  -43.140  45.592  20.180
  733   12   500.18    19.68   -0.550  -44.227  44.724  19.866
  734    2  1586.37    35.05    0.007  -42.066  45.477  19.032
  735    6     0.37     0.31    0.248  -44.013  46.222  22.623
  736    6     0.37     0.31    0.310  -44.621  44.987  18.985
  737    8   735.31    24.25   -0.520  -40.268  45.456  22.219
  738    4   769.72    21.49    0.199  -39.140  46.189  22.810
  739    1   888.79    24.81    0.526  -37.932  46.197  21.898
  740   11   480.19    20.72   -0.500  -37.480  45.122  21.553
  741    4   769.72    21.49    0.030  -38.726  45.474  24.120
  742    3  1128.12    27.96    0.017  -39.978  45.243  24.961
  743    2  1586.37    35.05    0.001  -37.637  46.326  24.891
  744    2  1586.37    35.05   -0.001  -39.692  44.550  26.298
  745    6     0.37     0.31    0.248  -40.079  44.496  22.011
  746    8   735.31    24.25   -0.520  -37.444  47.393  21.511
  747    4   769.72    21.49    0.292  -36.258  47.471  20.640
  748    1   888.79    24.81    0.526  -35.039  46.965  21.413
  749   11   480.19    20.72   -0.500  -35.031  46.972  22.671
  750    3  1128.12    27.96    0.194  -36.054  48.916  20.183
  751   12   500.18    19.68   -0.550  -35.932  49.823  21.265
  752    6     0.37     0.31    0.248  -37.833  48.276  21.774
  753    6     0.37     0.31    0.310  -34.967  50.043  21.409
  754    8   735.31    24.25   -0.257  -33.942  46.583  20.699
  755    4   769.72    21.49    0.112  -32.794  46.070  21.466
  756    1   888.79    24.81    0.526  -32.205  46.958  22.527
  757   11   480.19    20.72   -0.500  -31.743  46.456  23.550
  758    3  1128.12    27.96   -0.001  -31.752  45.714  20.420
  759    3  1128.12    27.96    0.036  -32.603  45.432  19.103
  760    3  1128.12    27.96    0.084  -33.729  46.514  19.239
  761    8   735.31    24.25   -0.520  -32.183  48.272  22.289
  762    4   769.72    21.49    0.246  -31.586  49.162  23.293
  763    1   888.79    24.81    0.526  -32.362  49.189  24.612
  764   11   480.19    20.72   -0.500  -31.843  49.701  25.619
  765    3  1128.12    27.96   -0.208  -31.458  50.596  22.744
  766    1   888.79    24.81    0.620  -32.747  51.107  22.107
  767   11   480.19    20.72   -0.706  -33.301  50.443  21.169
  768   11   480.19    20.72   -0.706  -33.171  52.186  22.535
  769    6     0.37     0.31    0.248  -32.544  48.719  21.471
  770    8   735.31    24.25   -0.520  -33.608  48.722  24.584
  771    4   769.72    21.49    0.245  -34.456  48.638  25.779
  772    1   888.79    24.81    0.526  -34.522  47.193  26.309
  773   11   480.19    20.72   -0.500  -35.353  46.878  27.182
  774    3  1128.12    27.96    0.022  -35.895  49.124  25.497
  775    1   888.79    24.81   -0.001  -36.081  50.640  25.615
  776    1   888.79    24.81   -0.035  -35.280  51.521  24.875
  777    1   888.79    24.81   -0.035  -37.071  51.189  26.446
  778    1   888.79    24.81    0.100  -35.450  52.878  24.952
  779    1   888.79    24.81    0.100  -37.243  52.584  26.528
  780    1   888.79    24.81   -0.121  -36.429  53.410  25.785
  781   12   500.18    19.68   -0.368  -36.551  54.791  25.919
  782    6     0.37     0.31    0.248  -34.053  48.396  23.750
  783    6     0.37     0.31    0.339  -37.299  55.000  26.549
  784    8   735.31    24.25   -0.520  -33.662  46.340  25.756
  785    4   769.72    21.49    0.215  -33.590  44.937  26.169
  786    1   888.79    24.81    0.526  -32.115  44.548  26.388
  787   11   480.19    20.72   -0.500  -31.471  45.088  27.319
  788    2  1586.37    35.05    0.031  -34.236  44.052  25.111
  789    6     0.37     0.31    0.248  -33.017  46.590  25.034
  790    8   735.31    24.25   -0.520  -31.548  43.710  25.515
  791    4   769.72    21.49    0.245  -30.164  43.244  25.697
  792    1   888.79    24.81    0.526  -29.090  43.837  24.784
  793   11   480.19    20.72   -0.500  -27.913  43.420  24.808
  794    3  1128.12    27.96    0.022  -30.149  41.712  25.648
  795    1   888.79    24.81   -0.001  -30.954  41.106  26.799
  796    1   888.79    24.81   -0.035  -32.245  40.596  26.572
  797    1   888.79    24.81   -0.035  -30.468  41.123  28.117
  798    1   888.79    24.81    0.100  -33.042  40.120  27.622
  799    1   888.79    24.81    0.100  -31.262  40.646  29.210
  800    1   888.79    24.81   -0.121  -32.569  40.141  28.937
  801   12   500.18    19.68   -0.368  -33.410  39.693  29.937
  802    6     0.37     0.31    0.248  -32.006  43.350  24.702
  803    6     0.37     0.31    0.339  -32.946  39.763  30.820
  804    8   735.31    24.25   -0.520  -29.509  44.780  23.947
  805    4   769.72    21.49    0.246  -28.559  45.483  23.106
  806    1   888.79    24.81    0.526  -27.711  44.620  22.203
  807   11   480.19    20.72   -0.500  -28.085  43.507  21.805
  808    6     0.37     0.31    0.248  -30.462  45.063  23.839
  809    8   735.31    24.25   -0.520  -26.509  45.126  21.930
  810    4   769.72    21.49    0.215  -25.574  44.387  21.101
  811    1   888.79    24.81    0.526  -25.080  43.128  21.821
  812   11   480.19    20.72   -0.500  -24.503  42.223  21.187
  813    2  1586.37    35.05    0.031  -24.326  45.262  20.773
  814    6     0.37     0.31    0.248  -26.176  46.010  22.259
  815    8   735.31    24.25   -0.520  -25.235  43.097  23.131
  816    4   769.72    21.49    0.268  -24.697  41.959  23.881
  817    1   888.79    24.81    0.526  -25.578  40.720  23.812
  818   11   480.19    20.72   -0.500  -25.058  39.583  23.659
  819    4   769.72    21.49    0.211  -24.469  42.368  25.360
  820   12   500.18    19.68   -0.550  -23.639  43.525  25.390
  821    2  1586.37    35.05    0.007  -23.723  41.297  26.120
  822    6     0.37     0.31    0.248  -25.698  43.796  23.676
  823    6     0.37     0.31    0.310  -23.485  43.801  26.339
  824    8   735.31    24.25   -0.520  -26.894  40.933  23.920
  825    4   769.72    21.49    0.246  -27.838  39.826  23.926
  826    1   888.79    24.81    0.526  -27.725  39.213  25.307
  827   11   480.19    20.72   -0.500  -27.058  39.805  26.174
  828    6     0.37     0.31    0.248  -27.312  41.838  24.002
  829    8   735.31    24.25   -0.520  -28.410  38.095  25.537
  830    4   769.72    21.49    0.195  -28.333  37.374  26.814
  831    1   888.79    24.81    0.526  -27.821  36.027  26.386
  832   11   480.19    20.72   -0.500  -28.588  35.188  25.890
  833    3  1128.12    27.96    0.211  -29.671  37.170  27.462
  834    1   888.79    24.81    0.103  -29.543  36.629  28.847
  835    8   735.31    24.25   -0.613  -29.513  37.451  29.955
  836    1   888.79    24.81    0.353  -29.360  35.371  29.302
  837    1   888.79    24.81    0.719  -29.321  36.714  31.037
  838    8   735.31    24.25   -0.686  -29.229  35.447  30.667
  839    6     0.37     0.31    0.248  -29.018  37.671  24.866
  840    6     0.37     0.31    0.478  -29.619  38.445  29.942
  841    6     0.37     0.31    0.486  -29.087  34.671  31.281
  842    8   735.31    24.25   -0.257  -26.511  35.833  26.479
  843    4   769.72    21.49    0.112  -25.945  34.555  26.050
  844    1   888.79    24.81    0.526  -26.664  33.332  26.559
  845   11   480.19    20.72   -0.500  -26.997  33.214  27.733
  846    3  1128.12    27.96   -0.001  -24.501  34.645  26.482
  847    3  1128.12    27.96    0.036  -24.190  36.123  26.251
  848    3  1128.12    27.96    0.084  -25.446  36.822  26.752
  849    8   735.31    24.25   -0.520  -26.902  32.425  25.626
  850    4   769.72    21.49    0.246  -27.608  31.207  25.939
  851    1   888.79    24.81    0.526  -29.050  31.225  25.476
  852   11   480.19    20.72   -0.500  -29.689  30.158  25.475
  853    6     0.37     0.31    0.248  -26.621  32.512  24.670
  854    8   735.31    24.25   -0.520  -29.586  32.397  25.082
  855    4   769.72    21.49    0.199  -30.977  32.451  24.644
  856    1   888.79    24.81    0.526  -31.419  33.651  23.735
  857   11   480.19    20.72   -0.500  -32.305  33.487  22.898
  858    4   769.72    21.49    0.030  -31.898  32.370  25.893
  859    3  1128.12    27.96    0.017  -33.353  32.221  25.510
  860    2  1586.37    35.05    0.001  -31.714  33.642  26.809
  861    2  1586.37    35.05   -0.001  -34.206  31.829  26.775
  862    6     0.37     0.31    0.248  -29.098  33.270  25.061
  863    8   735.31    24.25   -0.520  -30.791  34.821  23.875
  864    4   769.72    21.49    0.199  -31.166  36.016  23.082
  865    1   888.79    24.81    0.526  -29.914  36.505  22.401
  866   11   480.19    20.72   -0.500  -28.926  36.838  23.045
  867    4   769.72    21.49    0.030  -31.783  37.092  23.992
  868    3  1128.12    27.96    0.017  -33.113  36.551  24.531
  869    2  1586.37    35.05    0.001  -31.968  38.447  23.284
  870    2  1586.37    35.05   -0.001  -33.666  37.458  25.578
  871    6     0.37     0.31    0.248  -30.036  34.973  24.513
  872    8   735.31    24.25   -0.257  -29.942  36.568  21.060
  873    4   769.72    21.49    0.112  -28.735  37.010  20.361
  874    1   888.79    24.81    0.526  -28.565  38.512  20.355
  875   11   480.19    20.72   -0.500  -29.434  39.257  20.801
  876    3  1128.12    27.96   -0.001  -28.978  36.518  18.944
  877    3  1128.12    27.96    0.036  -30.382  36.823  18.777
  878    3  1128.12    27.96    0.084  -31.000  36.263  20.082
  879    8   735.31    24.25   -0.257  -27.422  38.978  19.853
  880    4   769.72    21.49    0.112  -27.186  40.432  19.774
  881    1   888.79    24.81    0.526  -28.271  41.085  18.875
  882   11   480.19    20.72   -0.500  -28.825  40.445  17.975
  883    3  1128.12    27.96   -0.001  -25.848  40.517  19.061
  884    3  1128.12    27.96    0.036  -25.113  39.228  19.578
  885    3  1128.12    27.96    0.084  -26.195  38.190  19.643
  886    8   735.31    24.25   -0.520  -28.587  42.337  19.166
  887    4   769.72    21.49    0.195  -29.491  43.134  18.348
  888    1   888.79    24.81    0.526  -30.916  42.647  18.203
  889   11   480.19    20.72   -0.500  -31.545  42.891  17.174
  890    3  1128.12    27.96    0.211  -28.886  43.267  16.949
  891    1   888.79    24.81    0.103  -27.408  43.536  16.949
  892    8   735.31    24.25   -0.613  -26.847  44.634  17.575
  893    1   888.79    24.81    0.353  -26.380  42.881  16.350
  894    1   888.79    24.81    0.719  -25.543  44.648  17.359
  895    8   735.31    24.25   -0.686  -25.229  43.595  16.620
  896    6     0.37     0.31    0.248  -28.230  42.823  19.964
  897    6     0.37     0.31    0.478  -27.350  45.313  18.109
  898    6     0.37     0.31    0.486  -24.309  43.356  16.309
  899    8   735.31    24.25   -0.520  -31.427  42.021  19.248
  900    4   769.72    21.49    0.215  -32.750  41.453  19.195
  901    1   888.79    24.81    0.526  -33.897  42.272  19.699
  902   11   480.19    20.72   -0.500  -33.938  42.653  20.866
  903    2  1586.37    35.05    0.031  -32.739  40.129  19.941
  904    6     0.37     0.31    0.248  -30.953  41.899  20.120
  905    8   735.31    24.25   -0.520  -34.849  42.524  18.808
  906    4   769.72    21.49    0.268  -36.085  43.177  19.171
  907    1   888.79    24.81    0.526  -36.851  42.061  19.906
  908   11   480.19    20.72   -0.500  -36.884  40.948  19.429
  909    4   769.72    21.49    0.211  -36.839  43.593  17.891
  910   12   500.18    19.68   -0.550  -36.142  44.677  17.300
  911    2  1586.37    35.05    0.007  -38.265  44.098  18.194
  912    6     0.37     0.31    0.248  -34.781  42.285  17.839
  913    6     0.37     0.31    0.310  -36.614  44.962  16.466
  914    8   735.31    24.25   -0.520  -37.459  42.341  21.045
  915    4   769.72    21.49    0.204  -38.177  41.308  21.811
  916    1   888.79    24.81    0.526  -39.651  41.581  21.862
  917   11   480.19    20.72   -0.500  -40.033  42.731  21.943
  918    3  1128.12    27.96    0.016  -37.635  41.234  23.230
  919    4   769.72    21.49    0.054  -36.112  40.936  23.323
  920    2  1586.37    35.05   -0.014  -35.786  40.819  24.810
  921    2  1586.37    35.05   -0.014  -35.705  39.621  22.592
  922    6     0.37     0.31    0.248  -37.476  43.251  21.460
  923    8   735.31    24.25   -0.520  -40.483  40.527  21.760
  924    4   769.72    21.49    0.201  -41.942  40.710  21.867
  925    1   888.79    24.81    0.526  -42.470  39.857  22.999
  926   11   480.19    20.72   -0.500  -42.260  38.644  23.034
  927    4   769.72    21.49    0.033  -42.707  40.301  20.547
  928    2  1586.37    35.05    0.006  -44.220  40.489  20.713
  929    2  1586.37    35.05    0.006  -42.245  41.178  19.420
  930    6     0.37     0.31    0.248  -40.186  39.584  21.611
  931    8   735.31    24.25   -0.520  -43.170  40.493  23.931
  932    4   769.72    21.49    0.214  -43.713  39.758  25.060
  933    1   888.79    24.81    0.526  -45.212  39.963  25.156
  934   11   480.19    20.72   -0.500  -45.694  41.067  24.922
  935    3  1128.12    27.96    0.038  -43.128  40.259  26.400
  936    1   888.79    24.81    0.011  -41.671  39.962  26.609
  937    1   888.79    24.81   -0.011  -40.668  40.834  26.106
  938    1   888.79    24.81   -0.011  -41.293  38.882  27.376
  939    1   888.79    24.81    0.004  -39.302  40.612  26.390
  940    1   888.79    24.81    0.004  -39.929  38.634  27.671
  941    1   888.79    24.81   -0.003  -38.939  39.487  27.192
  942    6     0.37     0.31    0.248  -43.366  41.474  23.927
  943    8   735.31    24.25   -0.520  -45.912  38.894  25.524
  944    4   769.72    21.49    0.246  -47.353  38.897  25.813
  945    1   888.79    24.81    0.526  -47.304  38.967  27.362
  946   11   480.19    20.72   -0.500  -46.827  38.022  28.033
  947    3  1128.12    27.96   -0.208  -47.975  37.565  25.359
  948    1   888.79    24.81    0.620  -49.439  37.435  25.758
  949   11   480.19    20.72   -0.706  -49.822  37.904  26.819
  950   11   480.19    20.72   -0.706  -50.217  36.829  25.003
  951    6     0.37     0.31    0.248  -45.494  37.992  25.632
  952    8   735.31    24.25   -0.520  -47.800  40.054  27.944
  953    4   769.72    21.49    0.201  -47.706  40.179  29.402
  954    1   888.79    24.81    0.526  -49.070  40.510  29.972
  955   11   480.19    20.72   -0.500  -49.780  41.284  29.413
  956    4   769.72    21.49    0.033  -46.740  41.313  29.760
  957    2  1586.37    35.05    0.006  -46.659  41.483  31.296
  958    2  1586.37    35.05    0.006  -45.358  41.031  29.125
  959    6     0.37     0.31    0.248  -48.243  40.815  27.470
  960    8   735.31    24.25   -0.520  -49.433  39.878  31.076
  961    4   769.72    21.49    0.246  -50.702  40.203  31.692
  962    1   888.79    24.81    0.526  -50.322  40.644  33.110
  963   11   480.19    20.72   -0.500  -49.635  39.886  33.827
  964    3  1128.12    27.96    0.000  -51.590  38.968  31.752
  965    3  1128.12    27.96   -0.208  -52.885  39.265  32.488
  966    1   888.79    24.81    0.620  -53.871  38.082  32.517
  967   11   480.19    20.72   -0.706  -54.980  38.284  33.064
  968   11   480.19    20.72   -0.706  -53.541  36.970  32.030
  969    6     0.37     0.31    0.248  -48.896  39.174  31.540
  970    8   735.31    24.25   -0.520  -50.758  41.830  33.517
  971    4   769.72    21.49    0.204  -50.457  42.384  34.867
  972    1   888.79    24.81    0.526  -51.564  41.838  35.760
  973   11   480.19    20.72   -0.500  -52.722  42.262  35.686
  974    3  1128.12    27.96    0.016  -50.505  43.912  34.832
  975    4   769.72    21.49    0.054  -50.269  44.527  36.209
  976    2  1586.37    35.05   -0.014  -48.934  43.974  36.797
  977    2  1586.37    35.05   -0.014  -50.216  46.017  36.032
  978    6     0.37     0.31    0.248  -51.317  42.434  32.949
  979    8   735.31    24.25   -0.520  -51.200  40.872  36.596
  980    4   769.72    21.49    0.204  -52.184  40.173  37.406
  981    1   888.79    24.81    0.526  -52.595  40.748  38.740
  982   11   480.19    20.72   -0.500  -53.774  40.641  39.143
  983    3  1128.12    27.96    0.016  -51.691  38.737  37.633
  984    4   769.72    21.49    0.054  -51.340  37.894  36.390
  985    2  1586.37    35.05   -0.014  -50.470  36.675  36.851
  986    2  1586.37    35.05   -0.014  -52.591  37.441  35.680
  987    6     0.37     0.31    0.248  -50.257  40.565  36.726
  988    8   735.31    24.25   -0.520  -51.593  41.286  39.442
  989    4   769.72    21.49    0.227  -51.786  41.792  40.798
  990    1   888.79    24.81    0.526  -50.593  42.643  41.181
  991   11   480.19    20.72   -0.500  -49.525  42.548  40.566
  992    3  1128.12    27.96    0.039  -51.854  40.574  41.732
  993    3  1128.12    27.96    0.053  -52.112  40.834  43.221
  994    3  1128.12    27.96    0.048  -52.582  39.531  43.959
  995    3  1128.12    27.96    0.218  -51.523  38.439  44.088
  996    9   725.70    20.26   -0.272  -51.933  37.405  45.109
  997    6     0.37     0.31    0.248  -50.659  41.379  39.097
  998    6     0.37     0.31    0.311  -51.225  36.702  45.175
  999    6     0.37     0.31    0.311  -52.051  37.844  46.000
 1000    6     0.37     0.31    0.311  -52.795  36.983  44.829
 1001    8   735.31    24.25   -0.520  -50.786  43.498  42.184
 1002    4   769.72    21.49    0.204  -49.686  44.324  42.713
 1003    1   888.79    24.81    0.526  -49.554  43.915  44.204
 1004   11   480.19    20.72   -0.500  -50.567  43.717  44.892
 1005    3  1128.12    27.96    0.016  -50.013  45.801  42.599
 1006    4   769.72    21.49    0.054  -49.663  46.490  41.295
 1007    2  1586.37    35.05   -0.014  -50.111  45.645  40.146
 1008    2  1586.37    35.05   -0.014  -50.311  47.867  41.285
 1009    6     0.37     0.31    0.248  -51.666  43.638  42.639
 1010    8   735.31    24.25   -0.520  -48.325  43.771  44.690
 1011    4   769.72    21.49    0.246  -48.077  43.314  46.072
 1012    1   888.79    24.81    0.526  -47.069  44.244  46.746
 1013   11   480.19    20.72   -0.500  -46.319  44.895  46.026
 1014    3  1128.12    27.96    0.000  -47.504  41.881  46.053
 1015    3  1128.12    27.96   -0.208  -48.497  40.828  45.616
 1016    1   888.79    24.81    0.620  -47.955  39.394  45.626
 1017   11   480.19    20.72   -0.706  -46.725  39.135  45.559
 1018   11   480.19    20.72   -0.706  -48.798  38.488  45.664
 1019    6     0.37     0.31    0.248  -47.495  43.958  44.165
