    1    8   735.31    24.25   -0.520  -24.102  41.977  73.078
    2    4   769.72    21.49    0.292  -25.081  42.730  72.252
    3    1   888.79    24.81    0.526  -25.984  41.779  71.491
    4   11   480.19    20.72   -0.500  -25.679  40.596  71.347
    5    3  1128.12    27.96    0.194  -24.347  43.649  71.269
    6   12   500.18    19.68   -0.550  -22.940  43.453  71.346
    7    6     0.37     0.31    0.310  -22.482  44.060  70.696
    8    8   735.31    24.25   -0.520  -27.131  42.299  71.074
    9    4   769.72    21.49    0.201  -28.098  41.525  70.306
   10    1   888.79    24.81    0.526  -27.695  41.709  68.848
   11   11   480.19    20.72   -0.500  -27.508  42.843  68.378
   12    4   769.72    21.49    0.033  -29.553  42.017  70.549
   13    2  1586.37    35.05    0.006  -30.539  41.267  69.639
   14    2  1586.37    35.05    0.006  -29.925  41.815  72.005
   15    6     0.37     0.31    0.248  -27.410  43.242  71.253
   16    8   735.31    24.25   -0.520  -27.504  40.592  68.159
   17    4   769.72    21.49    0.204  -27.085  40.631  66.776
   18    1   888.79    24.81    0.526  -28.257  40.349  65.838
   19   11   480.19    20.72   -0.500  -29.180  39.623  66.204
   20    3  1128.12    27.96    0.016  -25.944  39.630  66.572
   21    4   769.72    21.49    0.054  -24.806  39.672  67.609
   22    2  1586.37    35.05   -0.014  -23.940  38.426  67.473
   23    2  1586.37    35.05   -0.014  -23.978  40.952  67.473
   24    6     0.37     0.31    0.248  -27.631  39.673  68.531
   25    8   735.31    24.25   -0.520  -28.208  40.926  64.635
   26    4   769.72    21.49    0.210  -29.258  40.765  63.625
   27    1   888.79    24.81    0.526  -29.280  39.412  62.913
   28   11   480.19    20.72   -0.500  -28.348  39.041  62.201
   29    3  1128.12    27.96    0.053  -29.163  41.870  62.579
   30    3  1128.12    27.96   -0.043  -30.163  41.729  61.448
   31    1   888.79    24.81    0.675  -29.755  42.526  60.228
   32   11   480.19    20.72   -0.470  -29.047  43.534  60.333
   33    8   735.31    24.25   -0.867  -30.179  42.070  59.056
   34    6     0.37     0.31    0.248  -27.451  41.509  64.338
   35    6     0.37     0.31    0.344  -29.927  42.546  58.213
   36    6     0.37     0.31    0.344  -30.751  41.250  59.015
   37    8   735.31    24.25   -0.520  -30.392  38.710  63.065
   38    4   769.72    21.49    0.201  -30.574  37.408  62.447
   39    1   888.79    24.81    0.526  -30.984  37.608  60.992
   40   11   480.19    20.72   -0.500  -31.885  38.399  60.691
   41    4   769.72    21.49    0.033  -31.638  36.603  63.225
   42    2  1586.37    35.05    0.006  -31.829  35.229  62.630
   43    2  1586.37    35.05    0.006  -31.221  36.511  64.686
   44    6     0.37     0.31    0.248  -31.174  39.019  63.607
   45    8   735.31    24.25   -0.520  -30.280  36.934  60.089
   46    4   769.72    21.49    0.204  -30.557  37.029  58.651
   47    1   888.79    24.81    0.526  -31.753  36.153  58.304
   48   11   480.19    20.72   -0.500  -31.943  35.094  58.897
   49    3  1128.12    27.96    0.016  -29.328  36.588  57.829
   50    4   769.72    21.49    0.054  -27.963  37.237  58.114
   51    2  1586.37    35.05   -0.014  -26.870  36.433  57.445
   52    2  1586.37    35.05   -0.014  -27.943  38.692  57.651
   53    6     0.37     0.31    0.248  -29.523  36.323  60.320
   54    8   735.31    24.25   -0.520  -32.563  36.594  57.352
   55    4   769.72    21.49    0.195  -33.742  35.830  56.956
   56    1   888.79    24.81    0.526  -33.720  35.554  55.461
   57   11   480.19    20.72   -0.500  -33.075  36.282  54.693
   58    3  1128.12    27.96    0.211  -35.024  36.603  57.281
   59    1   888.79    24.81    0.103  -35.121  37.056  58.704
   60    8   735.31    24.25   -0.613  -35.945  38.086  59.095
   61    1   888.79    24.81    0.353  -34.498  36.625  59.827
   62    1   888.79    24.81    0.719  -35.825  38.273  60.398
   63    8   735.31    24.25   -0.686  -34.953  37.399  60.866
   64    6     0.37     0.31    0.248  -32.432  37.450  56.853
   65    6     0.37     0.31    0.478  -36.542  38.611  58.488
   66    6     0.37     0.31    0.486  -34.670  37.314  61.821
   67    8   735.31    24.25   -0.520  -34.416  34.502  55.043
   68    4   769.72    21.49    0.199  -34.486  34.190  53.623
   69    1   888.79    24.81    0.526  -35.065  35.425  52.913
   70   11   480.19    20.72   -0.500  -35.855  36.169  53.508
   71    4   769.72    21.49    0.030  -35.352  32.905  53.344
   72    3  1128.12    27.96    0.017  -36.829  33.117  53.696
   73    2  1586.37    35.05    0.001  -34.807  31.743  54.155
   74    2  1586.37    35.05   -0.001  -37.741  32.006  53.170
   75    6     0.37     0.31    0.248  -34.918  33.877  55.641
   76    8   735.31    24.25   -0.257  -34.646  35.685  51.661
   77    4   769.72    21.49    0.112  -33.714  34.907  50.848
   78    1   888.79    24.81    0.526  -32.258  35.444  50.895
   79   11   480.19    20.72   -0.500  -31.530  35.354  49.904
   80    3  1128.12    27.96   -0.001  -34.314  35.045  49.460
   81    3  1128.12    27.96    0.036  -34.712  36.489  49.439
   82    3  1128.12    27.96    0.084  -35.202  36.799  50.858
   83    8   735.31    24.25   -0.520  -31.857  35.994  52.042
   84    4   769.72    21.49    0.246  -30.508  36.531  52.239
   85    1   888.79    24.81    0.526  -29.472  35.483  51.851
   86   11   480.19    20.72   -0.500  -29.290  34.486  52.566
   87    3  1128.12    27.96   -0.208  -30.309  36.920  53.702
   88    1   888.79    24.81    0.620  -29.042  37.719  53.933
   89   11   480.19    20.72   -0.706  -29.088  38.641  54.769
   90   11   480.19    20.72   -0.706  -28.003  37.433  53.295
   91    6     0.37     0.31    0.248  -32.446  36.079  52.846
   92    8   735.31    24.25   -0.520  -28.739  35.763  50.769
   93    4   769.72    21.49    0.246  -27.720  34.843  50.256
   94    1   888.79    24.81    0.526  -26.624  34.528  51.261
   95   11   480.19    20.72   -0.500  -26.019  33.472  51.179
   96    3  1128.12    27.96    0.000  -27.138  35.317  48.907
   97    3  1128.12    27.96   -0.208  -28.135  35.224  47.721
   98    1   888.79    24.81    0.620  -27.538  35.573  46.339
   99   11   480.19    20.72   -0.706  -26.423  36.130  46.263
  100   11   480.19    20.72   -0.706  -28.187  35.283  45.314
  101    6     0.37     0.31    0.248  -28.832  36.607  50.240
  102    8   735.31    24.25   -0.520  -26.426  35.392  52.252
  103    4   769.72    21.49    0.237  -25.404  35.138  53.272
  104    1   888.79    24.81    0.526  -25.693  33.921  54.148
  105   11   480.19    20.72   -0.500  -24.784  33.395  54.808
  106    3  1128.12    27.96    0.049  -25.171  36.362  54.165
  107    3  1128.12    27.96    0.058  -24.377  37.466  53.481
  108    3  1128.12    27.96    0.111  -24.315  38.725  54.323
  109    8   735.31    24.25   -0.493  -25.641  39.280  54.606
  110    1   888.79    24.81    0.813  -25.862  40.498  55.110
  111    8   735.31    24.25   -0.635  -24.844  41.315  55.384
  112    8   735.31    24.25   -0.634  -27.104  40.886  55.390
  113    6     0.37     0.31    0.248  -26.937  36.243  52.371
  114    6     0.37     0.31    0.294  -26.437  38.707  54.408
  115    6     0.37     0.31    0.361  -23.905  41.018  55.213
  116    6     0.37     0.31    0.362  -25.020  42.224  55.761
  117    6     0.37     0.31    0.361  -27.871  40.266  55.223
  118    6     0.37     0.31    0.362  -27.270  41.797  55.767
  119    8   735.31    24.25   -0.520  -26.957  33.495  54.182
  120    4   769.72    21.49    0.204  -27.353  32.322  54.966
  121    1   888.79    24.81    0.526  -26.893  31.067  54.237
  122   11   480.19    20.72   -0.500  -26.939  29.963  54.777
  123    3  1128.12    27.96    0.016  -28.881  32.269  55.144
  124    4   769.72    21.49    0.054  -29.519  33.241  56.129
  125    2  1586.37    35.05   -0.014  -30.990  33.359  55.809
  126    2  1586.37    35.05   -0.014  -29.264  32.810  57.560
  127    6     0.37     0.31    0.248  -27.707  33.934  53.688
  128    8   735.31    24.25   -0.520  -26.475  31.231  52.994
  129    4   769.72    21.49    0.237  -26.003  30.097  52.205
  130    1   888.79    24.81    0.526  -24.455  29.969  52.200
  131   11   480.19    20.72   -0.500  -23.887  29.124  51.496
  132    3  1128.12    27.96    0.049  -26.558  30.214  50.791
  133    3  1128.12    27.96    0.058  -28.006  30.643  50.793
  134    3  1128.12    27.96    0.111  -28.958  29.505  50.513
  135    8   735.31    24.25   -0.493  -29.025  28.451  51.524
  136    1   888.79    24.81    0.813  -30.109  27.695  51.732
  137    8   735.31    24.25   -0.635  -31.218  27.882  51.029
  138    8   735.31    24.25   -0.634  -30.057  26.682  52.569
  139    6     0.37     0.31    0.248  -26.451  32.110  52.519
  140    6     0.37     0.31    0.294  -28.217  28.286  52.090
  141    6     0.37     0.31    0.361  -31.253  28.597  50.331
  142    6     0.37     0.31    0.362  -32.019  27.308  51.197
  143    6     0.37     0.31    0.361  -29.206  26.475  53.052
  144    6     0.37     0.31    0.362  -30.869  26.118  52.723
  145    8   735.31    24.25   -0.520  -23.803  30.754  53.054
  146    4   769.72    21.49    0.227  -22.352  30.747  53.154
  147    1   888.79    24.81    0.526  -21.798  29.695  54.099
  148   11   480.19    20.72   -0.500  -22.258  29.578  55.239
  149    3  1128.12    27.96    0.039  -21.866  32.134  53.556
  150    3  1128.12    27.96    0.053  -22.043  33.165  52.444
  151    3  1128.12    27.96    0.048  -21.504  34.508  52.868
  152    3  1128.12    27.96    0.218  -20.041  34.387  53.281
  153    9   725.70    20.26   -0.272  -19.552  35.609  53.968
  154    6     0.37     0.31    0.248  -24.254  31.393  53.677
  155    6     0.37     0.31    0.311  -18.592  35.488  54.221
  156    6     0.37     0.31    0.311  -19.638  36.394  53.355
  157    6     0.37     0.31    0.311  -20.096  35.769  54.792
  158    8   735.31    24.25   -0.520  -20.851  28.892  53.603
  159    4   769.72    21.49    0.201  -20.216  27.829  54.394
  160    1   888.79    24.81    0.526  -19.156  28.427  55.310
  161   11   480.19    20.72   -0.500  -18.300  29.206  54.871
  162    4   769.72    21.49    0.033  -19.583  26.734  53.502
  163    2  1586.37    35.05    0.006  -19.085  25.587  54.350
  164    2  1586.37    35.05    0.006  -20.591  26.222  52.503
  165    6     0.37     0.31    0.248  -20.510  28.957  52.665
  166    8   735.31    24.25   -0.520  -19.241  28.075  56.590
  167    4   769.72    21.49    0.215  -18.333  28.577  57.618
  168    1   888.79    24.81    0.526  -16.979  27.848  57.725
  169   11   480.19    20.72   -0.500  -16.875  26.636  57.523
  170    2  1586.37    35.05    0.031  -19.046  28.577  58.970
  171    6     0.37     0.31    0.248  -19.932  27.442  56.939
  172    8   735.31    24.25   -0.520  -15.936  28.612  58.039
  173    4   769.72    21.49    0.227  -14.602  28.050  58.177
  174    1   888.79    24.81    0.526  -14.355  27.744  59.643
  175   11   480.19    20.72   -0.500  -14.963  28.353  60.517
  176    3  1128.12    27.96    0.039  -13.554  29.015  57.600
  177    3  1128.12    27.96    0.053  -13.556  30.427  58.170
  178    3  1128.12    27.96    0.048  -12.698  30.525  59.433
  179    3  1128.12    27.96    0.218  -12.548  31.959  59.944
  180    9   725.70    20.26   -0.272  -11.748  32.000  61.203
  181    6     0.37     0.31    0.248  -15.990  29.598  58.198
  182    6     0.37     0.31    0.311  -11.665  32.946  61.515
  183    6     0.37     0.31    0.311  -12.205  31.456  61.907
  184    6     0.37     0.31    0.311  -10.837  31.625  61.032
  185    8   735.31    24.25   -0.257  -13.493  26.763  59.937
  186    4   769.72    21.49    0.112  -13.184  26.395  61.317
  187    1   888.79    24.81    0.526  -12.671  27.583  62.124
  188   11   480.19    20.72   -0.500  -12.174  28.552  61.561
  189    3  1128.12    27.96   -0.001  -12.047  25.385  61.149
  190    3  1128.12    27.96    0.036  -12.293  24.799  59.858
  191    3  1128.12    27.96    0.084  -12.702  25.948  59.003
  192    8   735.31    24.25   -0.520  -12.833  27.512  63.443
  193    4   769.72    21.49    0.201  -12.338  28.535  64.359
  194    1   888.79    24.81    0.526  -10.879  28.110  64.541
  195   11   480.19    20.72   -0.500  -10.606  26.917  64.732
  196    4   769.72    21.49    0.033  -13.076  28.464  65.744
  197    2  1586.37    35.05    0.006  -12.262  29.172  66.843
  198    2  1586.37    35.05    0.006  -14.498  29.075  65.625
  199    6     0.37     0.31    0.248  -13.303  26.756  63.898
  200    8   735.31    24.25   -0.520   -9.940  29.046  64.409
  201    4   769.72    21.49    0.246   -8.532  28.692  64.563
  202    1   888.79    24.81    0.526   -8.175  28.274  65.967
  203   11   480.19    20.72   -0.500   -7.717  27.152  66.176
  204    3  1128.12    27.96    0.000   -7.625  29.795  64.047
  205    3  1128.12    27.96   -0.208   -7.483  29.763  62.533
  206    1   888.79    24.81    0.620   -7.088  28.383  62.009
  207   11   480.19    20.72   -0.706   -6.183  27.748  62.595
  208   11   480.19    20.72   -0.706   -7.681  27.928  61.006
  209    6     0.37     0.31    0.248  -10.118  30.009  64.206
  210    8   735.31    24.25   -0.520   -8.407  29.156  66.927
  211    4   769.72    21.49    0.246   -8.129  28.857  68.323
  212    1   888.79    24.81    0.526   -9.146  29.642  69.129
  213   11   480.19    20.72   -0.500   -9.444  30.788  68.798
  214    3  1128.12    27.96    0.000   -6.695  29.272  68.722
  215    3  1128.12    27.96   -0.208   -5.536  28.381  68.185
  216    1   888.79    24.81    0.620   -5.585  26.932  68.687
  217   11   480.19    20.72   -0.706   -5.803  26.013  67.859
  218   11   480.19    20.72   -0.706   -5.378  26.711  69.901
  219    6     0.37     0.31    0.248   -8.781  30.070  66.767
  220    8   735.31    24.25   -0.520   -9.707  29.009  70.157
  221    4   769.72    21.49    0.201  -10.709  29.648  71.005
  222    1   888.79    24.81    0.526  -10.077  30.718  71.889
  223   11   480.19    20.72   -0.500   -9.470  30.418  72.915
  224    4   769.72    21.49    0.033  -11.463  28.622  71.889
  225    2  1586.37    35.05    0.006  -12.594  29.307  72.640
  226    2  1586.37    35.05    0.006  -12.006  27.485  71.032
  227    6     0.37     0.31    0.248   -9.487  28.069  70.418
  228    8   735.31    24.25   -0.520  -10.246  31.968  71.485
  229    4   769.72    21.49    0.217   -9.686  33.098  72.206
  230    1   888.79    24.81    0.526  -10.787  34.022  72.722
  231   11   480.19    20.72   -0.500  -11.975  33.741  72.546
  232    3  1128.12    27.96    0.003   -8.725  33.857  71.282
  233    1   888.79    24.81    0.675   -9.358  34.223  69.953
  234   11   480.19    20.72   -0.470  -10.473  34.740  69.902
  235    8   735.31    24.25   -0.867   -8.653  33.948  68.870
  236    6     0.37     0.31    0.248  -10.763  32.221  70.667
  237    6     0.37     0.31    0.344   -9.023  34.161  67.965
  238    6     0.37     0.31    0.344   -7.750  33.527  68.955
  239    8   735.31    24.25   -0.520  -10.384  35.137  73.327
  240    4   769.72    21.49    0.215  -11.309  36.116  73.892
  241    1   888.79    24.81    0.526  -12.304  36.710  72.906
  242   11   480.19    20.72   -0.500  -13.375  37.171  73.313
  243    2  1586.37    35.05    0.031  -10.540  37.226  74.568
  244    6     0.37     0.31    0.248   -9.421  35.383  73.437
  245    8   735.31    24.25   -0.520  -11.933  36.754  71.631
  246    4   769.72    21.49    0.246  -12.816  37.283  70.595
  247    1   888.79    24.81    0.526  -13.887  36.229  70.264
  248   11   480.19    20.72   -0.500  -15.060  36.557  70.096
  249    3  1128.12    27.96    0.000  -11.998  37.645  69.354
  250    3  1128.12    27.96   -0.208  -12.543  38.814  68.552
  251    1   888.79    24.81    0.620  -13.441  38.381  67.408
  252   11   480.19    20.72   -0.706  -12.957  37.632  66.525
  253   11   480.19    20.72   -0.706  -14.622  38.801  67.380
  254    6     0.37     0.31    0.248  -11.046  36.437  71.296
  255    8   735.31    24.25   -0.520  -13.474  34.962  70.211
  256    4   769.72    21.49    0.199  -14.378  33.843  69.929
  257    1   888.79    24.81    0.526  -15.395  33.759  71.069
  258   11   480.19    20.72   -0.500  -16.601  33.641  70.845
  259    4   769.72    21.49    0.030  -13.591  32.498  69.819
  260    3  1128.12    27.96    0.017  -12.597  32.573  68.662
  261    2  1586.37    35.05    0.001  -14.538  31.326  69.588
  262    2  1586.37    35.05   -0.001  -13.226  32.989  67.347
  263    6     0.37     0.31    0.248  -12.524  34.687  70.359
  264    8   735.31    24.25   -0.520  -14.892  33.890  72.291
  265    4   769.72    21.49    0.210  -15.722  33.848  73.477
  266    1   888.79    24.81    0.526  -16.700  35.022  73.536
  267   11   480.19    20.72   -0.500  -17.781  34.888  74.100
  268    3  1128.12    27.96    0.053  -14.850  33.746  74.731
  269    3  1128.12    27.96   -0.043  -14.006  32.464  74.734
  270    1   888.79    24.81    0.675  -13.206  32.250  76.012
  271   11   480.19    20.72   -0.470  -13.586  32.721  77.081
  272    8   735.31    24.25   -0.867  -12.095  31.516  75.907
  273    6     0.37     0.31    0.248  -13.919  34.025  72.478
  274    6     0.37     0.31    0.344  -11.539  31.332  76.717
  275    6     0.37     0.31    0.344  -11.820  31.150  75.018
  276    8   735.31    24.25   -0.520  -16.364  36.139  72.894
  277    4   769.72    21.49    0.237  -17.263  37.295  72.869
  278    1   888.79    24.81    0.526  -18.379  37.041  71.847
  279   11   480.19    20.72   -0.500  -19.509  37.517  72.007
  280    3  1128.12    27.96    0.049  -16.504  38.580  72.520
  281    6     0.37     0.31    0.248  -15.504  36.267  72.399
  282    8   735.31    24.25   -0.520  -18.049  36.303  70.787
  283    4   769.72    21.49    0.199  -19.021  35.967  69.752
  284    1   888.79    24.81    0.526  -20.023  34.977  70.359
  285   11   480.19    20.72   -0.500  -21.234  35.048  70.088
  286    4   769.72    21.49    0.030  -18.326  35.373  68.483
  287    3  1128.12    27.96    0.017  -17.381  36.416  67.878
  288    2  1586.37    35.05    0.001  -19.353  34.991  67.423
  289    2  1586.37    35.05   -0.001  -16.687  35.977  66.622
  290    6     0.37     0.31    0.248  -17.133  35.935  70.628
  291    8   735.31    24.25   -0.520  -19.529  34.110  71.239
  292    4   769.72    21.49    0.201  -20.371  33.122  71.896
  293    1   888.79    24.81    0.526  -21.436  33.779  72.788
  294   11   480.19    20.72   -0.500  -22.590  33.340  72.823
  295    4   769.72    21.49    0.033  -19.511  32.078  72.634
  296    2  1586.37    35.05    0.006  -20.308  31.326  73.677
  297    2  1586.37    35.05    0.006  -18.989  31.087  71.625
  298    6     0.37     0.31    0.248  -18.566  34.075  71.507
  299    8   735.31    24.25   -0.520  -21.075  34.886  73.430
  300    4   769.72    21.49    0.246  -22.005  35.616  74.293
  301    1   888.79    24.81    0.526  -23.082  36.367  73.516
  302   11   480.19    20.72   -0.500  -24.257  36.323  73.880
  303    3  1128.12    27.96   -0.208  -21.255  36.601  75.180
  304    1   888.79    24.81    0.620  -20.414  35.920  76.228
  305   11   480.19    20.72   -0.706  -20.415  34.674  76.328
  306   11   480.19    20.72   -0.706  -19.745  36.660  76.968
  307    6     0.37     0.31    0.248  -20.163  35.291  73.372
  308    8   735.31    24.25   -0.520  -22.676  37.102  72.487
  309    4   769.72    21.49    0.246  -23.626  37.846  71.666
  310    1   888.79    24.81    0.526  -24.648  36.880  71.058
  311   11   480.19    20.72   -0.500  -25.841  37.196  70.933
  312    3  1128.12    27.96   -0.208  -22.885  38.567  70.546
  313    1   888.79    24.81    0.620  -21.940  39.638  71.055
  314   11   480.19    20.72   -0.706  -21.711  39.732  72.285
  315   11   480.19    20.72   -0.706  -21.422  40.392  70.203
  316    6     0.37     0.31    0.248  -21.721  37.197  72.207
  317    8   735.31    24.25   -0.520  -24.146  35.709  70.666
  318    4   769.72    21.49    0.137  -24.955  34.653  70.074
  319    1   888.79    24.81    0.526  -25.992  34.140  71.075
  320   11   480.19    20.72   -0.500  -27.160  34.008  70.735
  321    3  1128.12    27.96    0.037  -24.060  33.507  69.580
  322    3  1128.12    27.96    0.090  -23.482  33.688  68.167
  323   14  1831.79    40.48   -0.025  -22.460  32.285  67.649
  324    2  1586.37    35.05    0.007  -23.660  30.976  67.503
  325    6     0.37     0.31    0.248  -23.178  35.473  70.751
  326    8   735.31    24.25   -0.520  -25.560  33.839  72.295
  327    4   769.72    21.49    0.214  -26.464  33.378  73.350
  328    1   888.79    24.81    0.526  -27.525  34.445  73.657
  329   11   480.19    20.72   -0.500  -28.720  34.150  73.749
  330    3  1128.12    27.96    0.038  -25.672  33.102  74.619
  331    1   888.79    24.81    0.011  -25.279  31.674  74.792
  332    1   888.79    24.81   -0.011  -23.967  31.340  75.103
  333    1   888.79    24.81   -0.011  -26.233  30.659  74.707
  334    1   888.79    24.81    0.004  -23.605  30.020  75.333
  335    1   888.79    24.81    0.004  -25.882  29.333  74.936
  336    1   888.79    24.81   -0.003  -24.562  29.011  75.252
  337    6     0.37     0.31    0.248  -24.603  33.904  72.576
  338    8   735.31    24.25   -0.520  -27.062  35.688  73.778
  339    4   769.72    21.49    0.246  -27.874  36.866  74.057
  340    1   888.79    24.81    0.526  -28.947  37.091  72.982
  341   11   480.19    20.72   -0.500  -30.068  37.528  73.272
  342    3  1128.12    27.96    0.000  -26.920  38.061  74.129
  343    3  1128.12    27.96   -0.208  -27.514  39.426  74.418
  344    1   888.79    24.81    0.620  -26.431  40.483  74.680
  345   11   480.19    20.72   -0.706  -25.232  40.123  74.771
  346   11   480.19    20.72   -0.706  -26.782  41.679  74.803
  347    6     0.37     0.31    0.248  -26.090  35.904  73.682
  348    8   735.31    24.25   -0.520  -28.578  36.825  71.734
  349    4   769.72    21.49    0.268  -29.487  36.960  70.604
  350    1   888.79    24.81    0.526  -30.464  35.767  70.616
  351   11   480.19    20.72   -0.500  -31.647  35.920  70.318
  352    4   769.72    21.49    0.211  -28.689  36.993  69.275
  353   12   500.18    19.68   -0.550  -27.748  38.077  69.305
  354    2  1586.37    35.05    0.007  -29.635  37.160  68.074
  355    6     0.37     0.31    0.248  -27.660  36.517  71.483
  356    6     0.37     0.31    0.310  -26.975  37.832  69.889
  357    8   735.31    24.25   -0.520  -29.957  34.593  70.989
  358    4   769.72    21.49    0.137  -30.749  33.364  71.065
  359    1   888.79    24.81    0.526  -31.869  33.506  72.100
  360   11   480.19    20.72   -0.500  -33.039  33.210  71.826
  361    3  1128.12    27.96    0.037  -29.856  32.171  71.435
  362    3  1128.12    27.96    0.090  -30.593  30.853  71.502
  363   14  1831.79    40.48   -0.025  -29.664  29.498  72.176
  364    2  1586.37    35.05    0.007  -30.057  29.605  73.853
  365    6     0.37     0.31    0.248  -28.998  34.468  71.244
  366    8   735.31    24.25   -0.520  -31.492  33.952  73.291
  367    4   769.72    21.49    0.245  -32.441  34.154  74.367
  368    1   888.79    24.81    0.526  -33.429  35.280  74.019
  369   11   480.19    20.72   -0.500  -34.623  35.160  74.267
  370    3  1128.12    27.96    0.022  -31.692  34.468  75.655
  371    1   888.79    24.81   -0.001  -30.883  33.316  76.212
  372    1   888.79    24.81   -0.035  -29.639  33.543  76.794
  373    1   888.79    24.81   -0.035  -31.380  32.014  76.228
  374    1   888.79    24.81    0.100  -28.909  32.519  77.389
  375    1   888.79    24.81    0.100  -30.654  30.971  76.828
  376    1   888.79    24.81   -0.121  -29.408  31.241  77.405
  377   12   500.18    19.68   -0.368  -28.632  30.250  77.987
  378    6     0.37     0.31    0.248  -30.547  34.176  73.528
  379    6     0.37     0.31    0.339  -29.211  29.659  78.548
  380    8   735.31    24.25   -0.520  -32.941  36.336  73.380
  381    4   769.72    21.49    0.215  -33.796  37.453  73.002
  382    1   888.79    24.81    0.526  -34.875  37.053  72.008
  383   11   480.19    20.72   -0.500  -36.012  37.534  72.084
  384    2  1586.37    35.05    0.031  -32.964  38.587  72.412
  385    6     0.37     0.31    0.248  -31.981  36.440  73.119
  386    8   735.31    24.25   -0.520  -34.512  36.199  71.057
  387    4   769.72    21.49    0.246  -35.449  35.766  70.027
  388    1   888.79    24.81    0.526  -36.228  34.525  70.410
  389   11   480.19    20.72   -0.500  -36.950  33.965  69.591
  390    3  1128.12    27.96    0.000  -34.726  35.542  68.697
  391    3  1128.12    27.96   -0.208  -33.862  36.711  68.246
  392    1   888.79    24.81    0.620  -34.637  38.000  68.111
  393   11   480.19    20.72   -0.706  -35.647  38.010  67.378
  394   11   480.19    20.72   -0.706  -34.240  39.007  68.742
  395    6     0.37     0.31    0.248  -33.597  35.802  70.980
  396    8   735.31    24.25   -0.520  -36.089  34.104  71.658
  397    4   769.72    21.49    0.246  -36.801  32.932  72.151
  398    1   888.79    24.81    0.526  -36.454  31.654  71.369
  399   11   480.19    20.72   -0.500  -37.308  30.801  71.120
  400    3  1128.12    27.96    0.000  -38.315  33.192  72.155
  401    3  1128.12    27.96   -0.208  -38.756  34.332  73.092
  402    1   888.79    24.81    0.620  -40.239  34.685  72.964
  403   11   480.19    20.72   -0.706  -41.089  33.766  73.012
  404   11   480.19    20.72   -0.706  -40.555  35.887  72.818
  405    6     0.37     0.31    0.248  -35.502  34.547  72.335
  406    8   735.31    24.25   -0.520  -35.186  31.544  70.984
  407    4   769.72    21.49    0.246  -34.720  30.374  70.274
  408    1   888.79    24.81    0.526  -34.045  29.437  71.257
  409   11   480.19    20.72   -0.500  -33.557  29.864  72.304
  410    6     0.37     0.31    0.248  -34.485  32.238  71.151
  411    8   735.31    24.25   -0.520  -34.028  28.153  70.936
  412    4   769.72    21.49    0.199  -33.403  27.164  71.802
  413    1   888.79    24.81    0.526  -31.950  26.857  71.335
  414   11   480.19    20.72   -0.500  -31.142  26.261  72.070
  415    4   769.72    21.49    0.030  -34.347  25.908  71.915
  416    3  1128.12    27.96    0.017  -34.943  25.856  73.318
  417    2  1586.37    35.05    0.001  -33.658  24.613  71.582
  418    2  1586.37    35.05   -0.001  -35.779  27.071  73.659
  419    6     0.37     0.31    0.248  -34.431  27.779  70.101
  420    8   735.31    24.25   -0.520  -31.610  27.337  70.139
  421    4   769.72    21.49    0.246  -30.277  27.129  69.607
  422    1   888.79    24.81    0.526  -29.934  28.234  68.628
  423   11   480.19    20.72   -0.500  -30.840  28.974  68.199
  424    6     0.37     0.31    0.248  -32.223  27.855  69.543
  425    8   735.31    24.25   -0.520  -28.643  28.350  68.279
  426    4   769.72    21.49    0.204  -28.167  29.361  67.326
  427    1   888.79    24.81    0.526  -26.792  29.000  66.718
  428   11   480.19    20.72   -0.500  -25.935  28.425  67.387
  429    3  1128.12    27.96    0.016  -28.095  30.739  68.002
  430    4   769.72    21.49    0.054  -28.070  31.948  67.073
  431    2  1586.37    35.05   -0.014  -29.463  32.233  66.521
  432    2  1586.37    35.05   -0.014  -27.570  33.135  67.827
  433    6     0.37     0.31    0.248  -27.920  27.761  68.640
  434    8   735.31    24.25   -0.520  -26.636  29.284  65.426
  435    4   769.72    21.49    0.215  -25.396  29.043  64.692
  436    1   888.79    24.81    0.526  -24.879  30.410  64.203
  437   11   480.19    20.72   -0.500  -25.667  31.248  63.739
  438    2  1586.37    35.05    0.031  -25.650  28.109  63.522
  439    6     0.37     0.31    0.248  -27.361  29.684  64.865
  440    8   735.31    24.25   -0.520  -23.568  30.645  64.309
  441    4   769.72    21.49    0.215  -22.964  31.930  63.911
  442    1   888.79    24.81    0.526  -23.393  32.471  62.554
  443   11   480.19    20.72   -0.500  -23.594  33.673  62.394
  444    2  1586.37    35.05    0.031  -21.443  31.850  63.980
  445    6     0.37     0.31    0.248  -22.912  29.977  64.660
  446    8   735.31    24.25   -0.520  -23.563  31.583  61.587
  447    4   769.72    21.49    0.268  -23.976  31.960  60.239
  448    1   888.79    24.81    0.526  -25.218  32.877  60.133
  449   11   480.19    20.72   -0.500  -25.285  33.763  59.261
  450    4   769.72    21.49    0.211  -24.240  30.701  59.424
  451   12   500.18    19.68   -0.550  -23.095  29.839  59.505
  452    2  1586.37    35.05    0.007  -24.549  31.064  57.984
  453    6     0.37     0.31    0.248  -23.422  30.601  61.709
  454    6     0.37     0.31    0.310  -23.022  29.301  58.665
  455    8   735.31    24.25   -0.520  -26.193  32.654  61.016
  456    4   769.72    21.49    0.210  -27.454  33.416  61.026
  457    1   888.79    24.81    0.526  -27.231  34.853  61.420
  458   11   480.19    20.72   -0.500  -28.061  35.716  61.158
  459    3  1128.12    27.96    0.053  -28.414  32.812  62.032
  460    3  1128.12    27.96   -0.043  -28.643  31.339  61.871
  461    1   888.79    24.81    0.675  -29.667  30.838  62.848
  462   11   480.19    20.72   -0.470  -29.350  30.064  63.745
  463    8   735.31    24.25   -0.867  -30.911  31.288  62.692
  464    6     0.37     0.31    0.248  -26.137  31.957  61.731
  465    6     0.37     0.31    0.344  -31.631  30.995  63.321
  466    6     0.37     0.31    0.344  -31.125  31.919  61.946
  467    8   735.31    24.25   -0.520  -26.126  35.083  62.115
  468    4   769.72    21.49    0.201  -25.761  36.409  62.578
  469    1   888.79    24.81    0.526  -24.754  37.106  61.640
  470   11   480.19    20.72   -0.500  -24.409  38.268  61.840
  471    4   769.72    21.49    0.033  -25.266  36.297  64.036
  472    2  1586.37    35.05    0.006  -24.308  37.400  64.389
  473    2  1586.37    35.05    0.006  -26.469  36.321  64.973
  474    6     0.37     0.31    0.248  -25.473  34.369  62.367
  475    8   735.31    24.25   -0.520  -24.370  36.419  60.566
  476    4   769.72    21.49    0.246  -23.421  36.941  59.578
  477    1   888.79    24.81    0.526  -21.968  36.743  60.041
  478   11   480.19    20.72   -0.500  -21.073  37.482  59.635
  479    3  1128.12    27.96   -0.208  -23.723  38.417  59.260
  480    1   888.79    24.81    0.620  -23.134  38.883  57.932
  481   11   480.19    20.72   -0.706  -22.852  38.046  57.045
  482   11   480.19    20.72   -0.706  -22.977  40.112  57.764
  483    6     0.37     0.31    0.248  -24.702  35.499  60.358
  484    8   735.31    24.25   -0.520  -21.752  35.747  60.899
  485    4   769.72    21.49    0.199  -20.413  35.417  61.393
  486    1   888.79    24.81    0.526  -20.102  34.016  60.875
  487   11   480.19    20.72   -0.500  -20.590  33.008  61.398
  488    4   769.72    21.49    0.030  -20.316  35.482  62.935
  489    3  1128.12    27.96    0.017  -20.388  36.946  63.389
  490    2  1586.37    35.05    0.001  -19.022  34.822  63.415
  491    2  1586.37    35.05   -0.001  -20.426  37.147  64.899
  492    6     0.37     0.31    0.248  -22.477  35.162  61.262
  493    8   735.31    24.25   -0.520  -19.258  33.956  59.856
  494    4   769.72    21.49    0.195  -18.945  32.695  59.228
  495    1   888.79    24.81    0.526  -17.816  31.819  59.774
  496   11   480.19    20.72   -0.500  -16.825  31.534  59.078
  497    3  1128.12    27.96    0.211  -18.877  32.906  57.714
  498    1   888.79    24.81    0.103  -20.121  33.550  57.159
  499    8   735.31    24.25   -0.613  -20.240  34.908  56.969
  500    1   888.79    24.81    0.353  -21.330  33.022  56.850
  501    1   888.79    24.81    0.719  -21.470  35.195  56.578
  502    8   735.31    24.25   -0.686  -22.150  34.068  56.497
  503    6     0.37     0.31    0.248  -18.793  34.748  59.461
  504    6     0.37     0.31    0.478  -19.508  35.576  57.106
  505    6     0.37     0.31    0.486  -23.108  33.987  56.223
  506    8   735.31    24.25   -0.520  -18.043  31.315  60.988
  507    4   769.72    21.49    0.210  -17.130  30.414  61.693
  508    1   888.79    24.81    0.526  -17.979  29.314  62.332
  509   11   480.19    20.72   -0.500  -19.146  29.538  62.632
  510    3  1128.12    27.96    0.053  -16.348  31.149  62.779
  511    3  1128.12    27.96   -0.043  -15.367  32.200  62.244
  512    1   888.79    24.81    0.675  -14.404  32.688  63.308
  513   11   480.19    20.72   -0.470  -14.487  33.830  63.779
  514    8   735.31    24.25   -0.867  -13.485  31.820  63.697
  515    6     0.37     0.31    0.248  -18.870  31.523  61.510
  516    6     0.37     0.31    0.344  -12.820  32.076  64.399
  517    6     0.37     0.31    0.344  -13.455  30.907  63.289
  518    8   735.31    24.25   -0.520  -17.395  28.140  62.560
  519    4   769.72    21.49    0.237  -18.128  27.013  63.127
  520    1   888.79    24.81    0.526  -18.429  27.085  64.600
  521   11   480.19    20.72   -0.500  -17.891  26.309  65.395
  522    3  1128.12    27.96    0.049  -17.416  25.700  62.845
  523    3  1128.12    27.96    0.058  -17.082  25.470  61.391
  524    3  1128.12    27.96    0.111  -16.629  24.058  61.238
  525    8   735.31    24.25   -0.493  -17.566  23.375  60.373
  526    1   888.79    24.81    0.813  -18.335  22.358  60.724
  527    8   735.31    24.25   -0.635  -18.300  21.845  61.938
  528    8   735.31    24.25   -0.634  -19.184  21.886  59.839
  529    6     0.37     0.31    0.248  -16.433  27.949  62.364
  530    6     0.37     0.31    0.294  -17.638  23.699  59.430
  531    6     0.37     0.31    0.361  -17.679  22.225  62.624
  532    6     0.37     0.31    0.362  -18.894  21.076  62.173
  533    6     0.37     0.31    0.361  -19.236  22.295  58.928
  534    6     0.37     0.31    0.362  -19.778  21.117  60.076
  535    8   735.31    24.25   -0.520  -19.322  27.996  64.959
  536    4   769.72    21.49    0.199  -19.720  28.156  66.343
  537    1   888.79    24.81    0.526  -21.233  27.945  66.444
  538   11   480.19    20.72   -0.500  -22.004  28.459  65.622
  539    4   769.72    21.49    0.030  -19.383  29.565  66.885
  540    3  1128.12    27.96    0.017  -17.917  29.930  66.605
  541    2  1586.37    35.05    0.001  -19.608  29.594  68.392
  542    2  1586.37    35.05   -0.001  -17.628  31.421  66.736
  543    6     0.37     0.31    0.248  -19.773  28.621  64.322
  544    8   735.31    24.25   -0.520  -21.638  27.185  67.455
  545    4   769.72    21.49    0.199  -23.050  26.893  67.720
  546    1   888.79    24.81    0.526  -23.299  26.953  69.226
  547   11   480.19    20.72   -0.500  -22.511  26.426  70.010
  548    4   769.72    21.49    0.030  -23.413  25.459  67.262
  549    3  1128.12    27.96    0.017  -23.481  25.384  65.743
  550    2  1586.37    35.05    0.001  -24.711  24.999  67.909
  551    2  1586.37    35.05   -0.001  -23.342  23.982  65.250
  552    6     0.37     0.31    0.248  -21.010  26.759  68.106
  553    8   735.31    24.25   -0.520  -24.371  27.632  69.623
  554    4   769.72    21.49    0.201  -24.768  27.704  71.034
  555    1   888.79    24.81    0.526  -26.176  27.072  71.120
  556   11   480.19    20.72   -0.500  -26.996  27.230  70.215
  557    4   769.72    21.49    0.033  -24.738  29.162  71.593
  558    2  1586.37    35.05    0.006  -23.333  29.750  71.431
  559    2  1586.37    35.05    0.006  -25.773  30.033  70.895
  560    6     0.37     0.31    0.248  -24.973  28.133  69.001
  561    8   735.31    24.25   -0.520  -26.409  26.306  72.172
  562    4   769.72    21.49    0.199  -27.667  25.605  72.382
  563    1   888.79    24.81    0.526  -28.020  25.650  73.870
  564   11   480.19    20.72   -0.500  -27.162  25.404  74.724
  565    4   769.72    21.49    0.030  -27.520  24.093  71.999
  566    3  1128.12    27.96    0.017  -27.527  23.893  70.485
  567    2  1586.37    35.05    0.001  -28.642  23.259  72.623
  568    2  1586.37    35.05   -0.001  -27.201  22.443  70.086
  569    6     0.37     0.31    0.248  -25.738  26.154  72.898
  570    8   735.31    24.25   -0.520  -29.275  25.976  74.179
  571    4   769.72    21.49    0.246  -29.754  25.972  75.558
  572    1   888.79    24.81    0.526  -31.226  25.582  75.548
  573   11   480.19    20.72   -0.500  -32.097  26.333  75.078
  574    3  1128.12    27.96   -0.208  -29.568  27.302  76.276
  575    1   888.79    24.81    0.620  -29.904  27.202  77.764
  576   11   480.19    20.72   -0.706  -30.099  26.071  78.260
  577   11   480.19    20.72   -0.706  -29.972  28.241  78.443
  578    6     0.37     0.31    0.248  -29.964  26.241  73.504
  579    8   735.31    24.25   -0.520  -31.471  24.399  76.097
  580    4   769.72    21.49    0.201  -32.789  23.795  76.152
  581    1   888.79    24.81    0.526  -33.504  23.907  77.512
  582   11   480.19    20.72   -0.500  -34.710  23.684  77.605
  583    4   769.72    21.49    0.033  -32.664  22.317  75.731
  584    2  1586.37    35.05    0.006  -34.015  21.712  75.532
  585    2  1586.37    35.05    0.006  -31.842  22.214  74.436
  586    6     0.37     0.31    0.248  -30.758  23.836  76.515
  587    8   735.31    24.25   -0.520  -32.767  24.294  78.548
  588    4   769.72    21.49    0.292  -33.322  24.418  79.895
  589    1   888.79    24.81    0.526  -34.392  25.503  80.034
  590   11   480.19    20.72   -0.500  -34.217  26.612  79.554
  591    3  1128.12    27.96    0.194  -32.199  24.691  80.895
  592   12   500.18    19.68   -0.550  -31.633  25.978  80.685
  593    6     0.37     0.31    0.248  -31.796  24.524  78.483
  594    6     0.37     0.31    0.310  -31.105  25.976  79.836
  595    8   735.31    24.25   -0.520  -35.471  25.182  80.739
  596    4   769.72    21.49    0.246  -36.576  26.113  80.983
  597    1   888.79    24.81    0.526  -36.076  27.378  81.672
  598   11   480.19    20.72   -0.500  -36.529  28.498  81.416
  599    3  1128.12    27.96    0.000  -37.599  25.439  81.908
  600    3  1128.12    27.96   -0.208  -38.522  26.406  82.648
  601    1   888.79    24.81    0.620  -39.298  25.743  83.765
  602   11   480.19    20.72   -0.706  -38.717  24.901  84.491
  603   11   480.19    20.72   -0.706  -40.491  26.076  83.921
  604    6     0.37     0.31    0.248  -35.606  24.282  81.153
  605    8   735.31    24.25   -0.520  -35.151  27.150  82.584
  606    4   769.72    21.49    0.217  -34.551  28.182  83.402
  607    1   888.79    24.81    0.526  -33.387  28.946  82.752
  608   11   480.19    20.72   -0.500  -32.827  29.858  83.368
  609    3  1128.12    27.96    0.003  -34.118  27.538  84.721
  610    1   888.79    24.81    0.675  -33.862  26.035  84.584
  611   11   480.19    20.72   -0.470  -34.680  25.219  84.996
  612    8   735.31    24.25   -0.867  -32.766  25.671  83.934
  613    6     0.37     0.31    0.248  -34.795  26.236  82.776
  614    6     0.37     0.31    0.344  -32.584  24.702  83.765
  615    6     0.37     0.31    0.344  -32.121  26.365  83.613
  616    8   735.31    24.25   -0.520  -33.074  28.619  81.496
  617    4   769.72    21.49    0.237  -31.967  29.244  80.757
  618    1   888.79    24.81    0.526  -30.624  29.179  81.507
  619   11   480.19    20.72   -0.500  -29.906  30.168  81.588
  620    3  1128.12    27.96    0.049  -32.284  30.704  80.400
  621    3  1128.12    27.96    0.058  -33.398  30.919  79.393
  622    3  1128.12    27.96    0.111  -33.479  32.402  79.065
  623    8   735.31    24.25   -0.493  -34.681  32.786  78.328
  624    1   888.79    24.81    0.813  -35.081  34.047  78.151
  625    8   735.31    24.25   -0.635  -34.373  35.058  78.654
  626    8   735.31    24.25   -0.634  -36.208  34.302  77.491
  627    6     0.37     0.31    0.248  -33.569  27.927  80.970
  628    6     0.37     0.31    0.294  -35.239  32.058  77.931
  629    6     0.37     0.31    0.361  -33.535  34.875  79.168
  630    6     0.37     0.31    0.362  -34.679  36.000  78.517
  631    6     0.37     0.31    0.361  -36.756  33.549  77.127
  632    6     0.37     0.31    0.362  -36.507  35.247  77.359
  633    8   735.31    24.25   -0.520  -30.270  28.006  82.023
  634    4   769.72    21.49    0.246  -29.017  27.852  82.762
  635    1   888.79    24.81    0.526  -28.300  26.528  82.530
  636   11   480.19    20.72   -0.500  -27.741  25.936  83.457
  637    3  1128.12    27.96   -0.208  -29.239  28.060  84.266
  638    1   888.79    24.81    0.620  -30.360  27.193  84.836
  639   11   480.19    20.72   -0.706  -30.292  25.939  84.786
  640   11   480.19    20.72   -0.706  -31.306  27.790  85.376
  641    6     0.37     0.31    0.248  -30.815  27.171  81.947
  642    8   735.31    24.25   -0.520  -28.350  26.052  81.294
  643    4   769.72    21.49    0.246  -27.694  24.812  80.907
  644    1   888.79    24.81    0.526  -27.190  25.084  79.499
  645   11   480.19    20.72   -0.500  -27.811  24.686  78.512
  646    3  1128.12    27.96    0.000  -28.681  23.649  80.924
  647    6     0.37     0.31    0.248  -28.836  26.505  80.547
  648    8   735.31    24.25   -0.520  -26.115  25.864  79.426
  649    4   769.72    21.49    0.237  -25.500  26.252  78.163
  650    1   888.79    24.81    0.526  -24.633  25.149  77.536
  651   11   480.19    20.72   -0.500  -23.955  24.388  78.233
  652    3  1128.12    27.96    0.049  -24.697  27.540  78.360
  653    3  1128.12    27.96    0.058  -25.558  28.757  78.733
  654    3  1128.12    27.96    0.111  -24.703  30.000  78.919
  655    8   735.31    24.25   -0.493  -25.414  31.233  78.582
  656    1   888.79    24.81    0.813  -24.823  32.370  78.197
  657    8   735.31    24.25   -0.635  -23.498  32.447  78.093
  658    8   735.31    24.25   -0.634  -25.561  33.436  77.897
  659    6     0.37     0.31    0.248  -25.654  26.238  80.230
  660    6     0.37     0.31    0.294  -26.412  31.226  78.644
  661    6     0.37     0.31    0.361  -22.933  31.649  78.304
  662    6     0.37     0.31    0.362  -23.068  33.302  77.804
  663    6     0.37     0.31    0.361  -26.558  33.388  77.959
  664    6     0.37     0.31    0.362  -25.119  34.285  77.609
  665    8   735.31    24.25   -0.520  -24.734  25.022  76.219
  666    4   769.72    21.49    0.204  -23.970  24.035  75.462
  667    1   888.79    24.81    0.526  -23.327  24.803  74.315
  668   11   480.19    20.72   -0.500  -24.016  25.513  73.571
  669    3  1128.12    27.96    0.016  -24.898  22.938  74.906
  670    4   769.72    21.49    0.054  -24.287  21.786  74.104
  671    2  1586.37    35.05   -0.014  -23.472  20.926  75.043
  672    2  1586.37    35.05   -0.014  -25.369  20.953  73.409
  673    6     0.37     0.31    0.248  -25.335  25.588  75.656
  674    8   735.31    24.25   -0.520  -22.002  24.709  74.226
  675    4   769.72    21.49    0.201  -21.234  25.386  73.183
  676    1   888.79    24.81    0.526  -20.555  24.345  72.289
  677   11   480.19    20.72   -0.500  -19.862  23.448  72.778
  678    4   769.72    21.49    0.033  -20.159  26.338  73.800
  679    2  1586.37    35.05    0.006  -19.304  26.949  72.704
  680    2  1586.37    35.05    0.006  -20.823  27.449  74.586
  681    6     0.37     0.31    0.248  -21.443  24.174  74.860
  682    8   735.31    24.25   -0.520  -20.797  24.443  70.988
  683    4   769.72    21.49    0.204  -20.219  23.519  70.024
  684    1   888.79    24.81    0.526  -19.393  24.288  69.002
  685   11   480.19    20.72   -0.500  -19.945  24.942  68.097
  686    3  1128.12    27.96    0.016  -21.302  22.729  69.274
  687    4   769.72    21.49    0.054  -22.258  21.790  70.004
  688    2  1586.37    35.05   -0.014  -22.995  21.011  68.934
  689    2  1586.37    35.05   -0.014  -21.526  20.829  70.922
  690    6     0.37     0.31    0.248  -21.383  25.145  70.583
  691    8   735.31    24.25   -0.520  -18.074  24.239  69.191
  692    4   769.72    21.49    0.199  -17.115  24.887  68.301
  693    1   888.79    24.81    0.526  -16.440  23.758  67.523
  694   11   480.19    20.72   -0.500  -16.048  22.734  68.085
  695    4   769.72    21.49    0.030  -16.093  25.777  69.106
  696    3  1128.12    27.96    0.017  -16.773  27.094  69.502
  697    2  1586.37    35.05    0.001  -14.821  26.047  68.278
  698    2  1586.37    35.05   -0.001  -15.900  28.028  70.288
  699    6     0.37     0.31    0.248  -17.649  23.755  69.956
  700    8   735.31    24.25   -0.520  -16.363  23.924  66.217
  701    4   769.72    21.49    0.217  -15.794  22.900  65.351
  702    1   888.79    24.81    0.526  -16.402  21.535  65.657
  703   11   480.19    20.72   -0.500  -15.694  20.622  66.100
  704    3  1128.12    27.96    0.003  -14.266  22.819  65.494
  705    1   888.79    24.81    0.675  -13.564  24.063  65.006
  706   11   480.19    20.72   -0.470  -14.126  24.885  64.271
  707    8   735.31    24.25   -0.867  -12.326  24.219  65.431
  708    6     0.37     0.31    0.248  -16.681  24.742  65.738
  709    6     0.37     0.31    0.344  -11.802  25.027  65.160
  710    6     0.37     0.31    0.344  -11.910  23.529  66.024
  711    8   735.31    24.25   -0.257  -17.743  21.405  65.529
  712    4   769.72    21.49    0.112  -18.369  20.103  65.801
  713    1   888.79    24.81    0.526  -18.171  19.143  64.622
  714   11   480.19    20.72   -0.500  -18.089  19.548  63.475
  715    3  1128.12    27.96   -0.001  -19.840  20.470  66.009
  716    3  1128.12    27.96    0.036  -20.040  21.662  65.089
  717    3  1128.12    27.96    0.084  -18.758  22.455  65.278
  718    8   735.31    24.25   -0.520  -18.149  17.862  64.918
  719    4   769.72    21.49    0.246  -17.943  16.839  63.923
  720    1   888.79    24.81    0.526  -18.879  15.709  64.287
  721   11   480.19    20.72   -0.500  -18.950  15.317  65.448
  722    3  1128.12    27.96    0.000  -16.497  16.324  64.027
  723    3  1128.12    27.96   -0.208  -16.056  15.360  62.912
  724    1   888.79    24.81    0.620  -14.798  14.562  63.278
  725   11   480.19    20.72   -0.706  -14.016  15.034  64.140
  726   11   480.19    20.72   -0.706  -14.607  13.454  62.728
  727    6     0.37     0.31    0.248  -18.272  17.508  65.845
  728    8   735.31    24.25   -0.520  -19.622  15.205  63.309
  729    4   769.72    21.49    0.204  -20.547  14.099  63.553
  730    1   888.79    24.81    0.526  -19.771  12.794  63.491
  731   11   480.19    20.72   -0.500  -19.162  12.492  62.475
  732    3  1128.12    27.96    0.016  -21.663  14.076  62.492
  733    4   769.72    21.49    0.054  -22.675  12.915  62.543
  734    2  1586.37    35.05   -0.014  -23.495  12.977  63.826
  735    2  1586.37    35.05   -0.014  -23.572  12.956  61.333
  736    6     0.37     0.31    0.248  -19.605  15.533  62.365
  737    8   735.31    24.25   -0.520  -19.771  12.028  64.575
  738    4   769.72    21.49    0.204  -19.056  10.759  64.569
  739    1   888.79    24.81    0.526  -19.949   9.623  64.071
  740   11   480.19    20.72   -0.500  -19.504   8.776  63.304
  741    3  1128.12    27.96    0.016  -18.490  10.435  65.961
  742    4   769.72    21.49    0.054  -17.677  11.540  66.636
  743    2  1586.37    35.05   -0.014  -17.141  11.056  67.969
  744    2  1586.37    35.05   -0.014  -16.553  11.958  65.721
  745    6     0.37     0.31    0.248  -20.236  12.251  65.432
  746    8   735.31    24.25   -0.520  -21.207   9.608  64.512
  747    4   769.72    21.49    0.246  -22.164   8.579  64.107
  748    1   888.79    24.81    0.526  -23.598   9.074  64.262
  749   11   480.19    20.72   -0.500  -23.833  10.086  64.915
  750    3  1128.12    27.96    0.000  -21.958   7.305  64.920
  751    3  1128.12    27.96   -0.208  -21.633   7.553  66.381
  752    1   888.79    24.81    0.620  -21.086   6.319  67.100
  753   11   480.19    20.72   -0.706  -21.711   5.876  68.090
  754   11   480.19    20.72   -0.706  -20.027   5.796  66.687
  755    6     0.37     0.31    0.248  -21.581  10.289  65.142
  756    8   735.31    24.25   -0.520  -24.536   8.382  63.621
  757    4   769.72    21.49    0.227  -25.958   8.729  63.670
  758    1   888.79    24.81    0.526  -26.799   7.479  63.437
  759   11   480.19    20.72   -0.500  -26.318   6.516  62.842
  760    3  1128.12    27.96    0.039  -26.308   9.783  62.620
  761    3  1128.12    27.96    0.053  -26.121   9.327  61.194
  762    3  1128.12    27.96    0.048  -26.411  10.464  60.237
  763    3  1128.12    27.96    0.218  -26.746   9.906  58.864
  764    9   725.70    20.26   -0.272  -27.162  10.960  57.912
  765    6     0.37     0.31    0.248  -24.337   7.577  63.061
  766    6     0.37     0.31    0.311  -27.371  10.546  57.026
  767    6     0.37     0.31    0.311  -27.975  11.425  58.263
  768    6     0.37     0.31    0.311  -26.421  11.623  57.803
  769    8   735.31    24.25   -0.520  -28.043   7.484  63.920
  770    4   769.72    21.49    0.292  -28.935   6.336  63.734
  771    1   888.79    24.81    0.526  -30.416   6.700  63.833
  772   11   480.19    20.72   -0.500  -30.784   7.646  64.537
  773    3  1128.12    27.96    0.194  -28.604   5.214  64.724
  774   12   500.18    19.68   -0.550  -28.821   5.620  66.060
  775    6     0.37     0.31    0.248  -28.445   8.246  64.428
  776    6     0.37     0.31    0.310  -28.598   4.866  66.678
  777    8   735.31    24.25   -0.520  -31.244   5.936  63.119
  778    4   769.72    21.49    0.246  -32.697   6.136  63.098
  779    1   888.79    24.81    0.526  -33.269   7.383  62.423
  780   11   480.19    20.72   -0.500  -32.528   8.223  61.892
  781    6     0.37     0.31    0.248  -30.934   5.175  62.549
  782    8   735.31    24.25   -0.520  -34.603   7.469  62.365
  783    4   769.72    21.49    0.246  -35.280   8.649  61.792
  784    1   888.79    24.81    0.526  -36.300   9.160  62.806
  785   11   480.19    20.72   -0.500  -36.808   8.397  63.635
  786    3  1128.12    27.96    0.000  -36.009   8.378  60.474
  787    3  1128.12    27.96   -0.208  -35.635   7.138  59.726
  788    1   888.79    24.81    0.620  -36.065   5.870  60.429
  789   11   480.19    20.72   -0.706  -37.247   5.760  60.813
  790   11   480.19    20.72   -0.706  -35.212   4.979  60.594
  791    6     0.37     0.31    0.248  -35.223   6.758  62.697
  792    8   735.31    24.25   -0.520  -36.634  10.436  62.699
  793    4   769.72    21.49    0.268  -37.554  11.061  63.616
  794    1   888.79    24.81    0.526  -37.892  12.387  62.992
  795   11   480.19    20.72   -0.500  -37.460  12.660  61.871
  796    4   769.72    21.49    0.211  -36.908  11.255  65.005
  797   12   500.18    19.68   -0.550  -37.900  11.642  65.969
  798    2  1586.37    35.05    0.007  -35.799  12.314  64.955
  799    6     0.37     0.31    0.248  -36.281  11.047  61.990
  800    6     0.37     0.31    0.310  -37.468  11.762  66.863
  801    8   735.31    24.25   -0.520  -38.661  13.203  63.704
  802    4   769.72    21.49    0.246  -39.055  14.486  63.171
  803    1   888.79    24.81    0.526  -40.122  15.183  63.989
  804   11   480.19    20.72   -0.500  -41.127  14.572  64.410
  805    6     0.37     0.31    0.248  -39.009  13.001  64.619
  806    8   735.31    24.25   -0.520  -39.883  16.462  64.250
  807    4   769.72    21.49    0.199  -40.832  17.292  64.982
  808    1   888.79    24.81    0.526  -41.052  18.502  64.094
  809   11   480.19    20.72   -0.500  -40.422  18.608  63.024
  810    4   769.72    21.49    0.030  -40.307  17.732  66.376
  811    3  1128.12    27.96    0.017  -38.995  18.533  66.241
  812    2  1586.37    35.05    0.001  -40.166  16.488  67.305
  813    2  1586.37    35.05   -0.001  -38.432  19.007  67.581
  814    6     0.37     0.31    0.248  -39.051  16.940  63.969
  815    8   735.31    24.25   -0.520  -41.997  19.362  64.463
  816    4   769.72    21.49    0.246  -42.259  20.563  63.669
  817    1   888.79    24.81    0.526  -41.224  21.557  64.144
  818   11   480.19    20.72   -0.500  -41.158  21.846  65.332
  819    3  1128.12    27.96    0.000  -43.686  21.105  63.880
  820    3  1128.12    27.96   -0.208  -44.800  20.212  63.280
  821    1   888.79    24.81    0.620  -46.199  20.858  63.233
  822   11   480.19    20.72   -0.706  -46.347  22.083  63.365
  823   11   480.19    20.72   -0.706  -47.173  20.115  63.033
  824    6     0.37     0.31    0.248  -42.573  19.258  65.274
  825    8   735.31    24.25   -0.520  -40.358  21.990  63.232
  826    4   769.72    21.49    0.246  -39.270  22.909  63.557
  827    1   888.79    24.81    0.526  -39.521  24.262  62.975
  828   11   480.19    20.72   -0.500  -40.094  24.395  61.898
  829    3  1128.12    27.96    0.000  -37.939  22.426  62.966
  830    3  1128.12    27.96   -0.208  -37.495  21.046  63.382
  831    1   888.79    24.81    0.620  -36.166  20.637  62.749
  832   11   480.19    20.72   -0.706  -35.389  21.513  62.311
  833   11   480.19    20.72   -0.706  -35.893  19.430  62.700
  834    6     0.37     0.31    0.248  -40.389  21.721  62.269
  835    8   735.31    24.25   -0.520  -39.110  25.271  63.713
  836    4   769.72    21.49    0.246  -39.229  26.621  63.222
  837    1   888.79    24.81    0.526  -37.794  27.111  63.214
  838   11   480.19    20.72   -0.500  -36.928  26.541  63.898
  839    6     0.37     0.31    0.248  -38.705  25.184  64.623
  840    8   735.31    24.25   -0.520  -37.526  28.158  62.455
  841    4   769.72    21.49    0.146  -36.179  28.703  62.386
  842    1   888.79    24.81    0.526  -36.254  30.222  62.482
  843   11   480.19    20.72   -0.500  -37.153  30.835  61.900
  844    3  1128.12    27.96    0.100  -35.505  28.265  61.073
  845   14  1831.79    40.48   -0.135  -33.905  29.086  60.658
  846    6     0.37     0.31    0.248  -38.201  28.636  61.893
  847    8   735.31    24.25   -0.520  -35.341  30.826  63.242
  848    4   769.72    21.49    0.204  -35.317  32.287  63.380
  849    1   888.79    24.81    0.526  -35.084  32.953  62.006
  850   11   480.19    20.72   -0.500  -35.606  34.032  61.728
  851    3  1128.12    27.96    0.016  -34.262  32.719  64.413
  852    4   769.72    21.49    0.054  -34.420  32.250  65.874
  853    2  1586.37    35.05   -0.014  -33.176  32.549  66.703
  854    2  1586.37    35.05   -0.014  -35.628  32.921  66.523
  855    6     0.37     0.31    0.248  -34.630  30.346  63.756
  856    8   735.31    24.25   -0.520  -34.364  32.270  61.119
  857    4   769.72    21.49    0.292  -34.087  32.801  59.779
  858    1   888.79    24.81    0.526  -35.284  32.674  58.816
  859   11   480.19    20.72   -0.500  -35.308  33.292  57.746
  860    3  1128.12    27.96    0.194  -32.830  32.132  59.207
  861   12   500.18    19.68   -0.550  -31.713  32.358  60.060
  862    6     0.37     0.31    0.248  -33.969  31.368  61.296
  863    6     0.37     0.31    0.310  -31.413  33.308  59.972
  864    8   735.31    24.25   -0.520  -36.274  31.867  59.195
  865    4   769.72    21.49    0.199  -37.492  31.686  58.400
  866    1   888.79    24.81    0.526  -38.566  32.129  59.418
  867   11   480.19    20.72   -0.500  -39.492  31.370  59.746
  868    4   769.72    21.49    0.030  -37.636  30.204  57.956
  869    3  1128.12    27.96    0.017  -36.369  29.767  57.186
  870    2  1586.37    35.05    0.001  -38.848  30.041  57.039
  871    2  1586.37    35.05   -0.001  -36.300  28.286  56.797
  872    6     0.37     0.31    0.248  -36.257  31.333  60.040
  873    8   735.31    24.25   -0.257  -38.499  33.422  59.821
  874    4   769.72    21.49    0.112  -39.276  34.225  60.766
  875    1   888.79    24.81    0.526  -40.304  33.549  61.670
  876   11   480.19    20.72   -0.500  -40.077  33.409  62.875
  877    3  1128.12    27.96   -0.001  -39.862  35.312  59.881
  878    3  1128.12    27.96    0.036  -38.713  35.651  59.062
  879    3  1128.12    27.96    0.084  -38.123  34.297  58.683
  880    8   735.31    24.25   -0.520  -41.425  33.126  61.092
  881    4   769.72    21.49    0.246  -42.517  32.515  61.844
  882    1   888.79    24.81    0.526  -43.183  31.362  61.091
  883   11   480.19    20.72   -0.500  -44.405  31.346  60.909
  884    3  1128.12    27.96    0.000  -43.565  33.590  62.150
  885    3  1128.12    27.96   -0.208  -43.023  34.800  62.905
  886    1   888.79    24.81    0.620  -43.972  35.993  62.909
  887   11   480.19    20.72   -0.706  -44.224  36.565  61.821
  888   11   480.19    20.72   -0.706  -44.446  36.368  64.008
  889    6     0.37     0.31    0.248  -41.598  33.196  60.110
  890    8   735.31    24.25   -0.520  -42.396  30.375  60.691
  891    4   769.72    21.49    0.210  -42.934  29.244  59.958
  892    1   888.79    24.81    0.526  -42.446  27.975  60.640
  893   11   480.19    20.72   -0.500  -41.394  27.982  61.280
  894    3  1128.12    27.96    0.053  -42.469  29.306  58.487
  895    3  1128.12    27.96   -0.043  -43.575  29.500  57.433
  896    1   888.79    24.81    0.675  -44.330  30.825  57.533
  897   11   480.19    20.72   -0.470  -43.743  31.898  57.613
  898    8   735.31    24.25   -0.867  -45.647  30.745  57.487
  899    6     0.37     0.31    0.248  -41.411  30.336  60.857
  900    6     0.37     0.31    0.344  -46.200  31.578  57.517
  901    6     0.37     0.31    0.344  -46.092  29.852  57.422
  902    8   735.31    24.25   -0.520  -43.231  26.906  60.542
  903    4   769.72    21.49    0.237  -42.881  25.625  61.148
  904    1   888.79    24.81    0.526  -43.214  24.483  60.227
  905   11   480.19    20.72   -0.500  -44.212  24.536  59.497
  906    3  1128.12    27.96    0.049  -43.599  25.412  62.475
  907    3  1128.12    27.96    0.058  -43.209  26.402  63.522
  908    3  1128.12    27.96    0.111  -43.449  25.887  64.908
  909    8   735.31    24.25   -0.493  -43.155  26.945  65.864
  910    1   888.79    24.81    0.813  -43.582  26.973  67.124
  911    8   735.31    24.25   -0.635  -44.328  25.986  67.613
  912    8   735.31    24.25   -0.634  -43.298  28.024  67.886
  913    6     0.37     0.31    0.248  -44.104  26.902  60.054
  914    6     0.37     0.31    0.294  -42.590  27.708  65.550
  915    6     0.37     0.31    0.361  -44.575  25.210  67.032
  916    6     0.37     0.31    0.362  -44.642  26.020  68.562
  917    6     0.37     0.31    0.361  -42.768  28.785  67.511
  918    6     0.37     0.31    0.362  -43.614  28.054  68.834
  919    8   735.31    24.25   -0.520  -42.402  23.435  60.272
  920    4   769.72    21.49    0.215  -42.630  22.278  59.437
  921    1   888.79    24.81    0.526  -41.893  21.067  59.982
  922   11   480.19    20.72   -0.500  -40.886  21.207  60.689
  923    2  1586.37    35.05    0.031  -42.197  22.569  58.020
  924    6     0.37     0.31    0.248  -41.600  23.370  60.866
  925    8   735.31    24.25   -0.520  -42.435  19.885  59.697
  926    4   769.72    21.49    0.204  -41.878  18.610  60.121
  927    1   888.79    24.81    0.526  -40.717  18.344  59.175
  928   11   480.19    20.72   -0.500  -40.891  18.395  57.963
  929    3  1128.12    27.96    0.016  -42.923  17.500  59.931
  930    4   769.72    21.49    0.054  -43.031  16.257  60.819
  931    2  1586.37    35.05   -0.014  -43.368  15.083  59.951
  932    2  1586.37    35.05   -0.014  -41.813  15.995  61.573
  933    6     0.37     0.31    0.248  -43.276  19.791  59.163
  934    8   735.31    24.25   -0.520  -39.549  18.026  59.736
  935    4   769.72    21.49    0.201  -38.353  17.755  58.944
  936    1   888.79    24.81    0.526  -37.760  16.428  59.371
  937   11   480.19    20.72   -0.500  -37.695  16.142  60.560
  938    4   769.72    21.49    0.033  -37.301  18.884  59.147
  939    2  1586.37    35.05    0.006  -36.072  18.589  58.352
  940    2  1586.37    35.05    0.006  -37.874  20.240  58.727
  941    6     0.37     0.31    0.248  -39.411  17.952  60.724
  942    8   735.31    24.25   -0.257  -37.434  15.547  58.409
  943    4   769.72    21.49    0.112  -36.844  14.260  58.780
  944    1   888.79    24.81    0.526  -35.403  14.461  59.303
  945   11   480.19    20.72   -0.500  -34.619  15.237  58.723
  946    3  1128.12    27.96   -0.001  -36.891  13.468  57.482
  947    3  1128.12    27.96    0.036  -36.825  14.489  56.443
  948    3  1128.12    27.96    0.084  -37.658  15.627  56.962
  949    8   735.31    24.25   -0.520  -35.100  13.823  60.435
  950    4   769.72    21.49    0.237  -33.802  13.942  61.076
  951    1   888.79    24.81    0.526  -33.393  12.604  61.629
  952   11   480.19    20.72   -0.500  -34.229  11.717  61.796
  953    3  1128.12    27.96    0.049  -33.856  14.965  62.231
  954    3  1128.12    27.96    0.058  -34.643  16.215  61.914
  955    3  1128.12    27.96    0.111  -33.876  17.533  62.082
  956    8   735.31    24.25   -0.493  -32.911  17.784  61.024
  957    1   888.79    24.81    0.813  -32.599  18.981  60.524
  958    8   735.31    24.25   -0.635  -33.186  20.090  60.945
  959    8   735.31    24.25   -0.634  -31.550  19.083  59.720
  960    6     0.37     0.31    0.248  -35.738  13.224  60.918
  961    6     0.37     0.31    0.294  -32.440  16.991  60.638
  962    6     0.37     0.31    0.361  -33.886  20.046  61.658
  963    6     0.37     0.31    0.362  -32.930  20.972  60.550
  964    6     0.37     0.31    0.361  -31.009  18.272  59.499
  965    6     0.37     0.31    0.362  -31.300  19.971  59.335
  966    8   735.31    24.25   -0.520  -32.092  12.426  61.855
  967    4   769.72    21.49    0.215  -31.597  11.185  62.439
  968    1   888.79    24.81    0.526  -32.077  11.258  63.881
  969   11   480.19    20.72   -0.500  -32.113  12.352  64.478
  970    2  1586.37    35.05    0.031  -30.074  11.122  62.378
  971    6     0.37     0.31    0.248  -31.386  13.103  61.649
  972    8   735.31    24.25   -0.520  -32.451  10.110  64.437
  973    4   769.72    21.49    0.246  -32.948  10.046  65.816
  974    1   888.79    24.81    0.526  -31.855  10.229  66.870
  975   11   480.19    20.72   -0.500  -32.040  10.956  67.856
  976    3  1128.12    27.96    0.000  -33.704   8.736  66.068
  977    3  1128.12    27.96   -0.208  -34.364   8.700  67.441
  978    1   888.79    24.81    0.620  -34.789   7.315  67.886
  979   11   480.19    20.72   -0.706  -34.565   6.324  67.146
  980   11   480.19    20.72   -0.706  -35.367   7.220  68.992
  981    6     0.37     0.31    0.248  -32.422   9.227  63.968
  982    8   735.31    24.25   -0.520  -30.720   9.569  66.656
  983    4   769.72    21.49    0.227  -29.574   9.651  67.573
  984    1   888.79    24.81    0.526  -28.291  10.106  66.872
  985   11   480.19    20.72   -0.500  -28.041   9.719  65.735
  986    3  1128.12    27.96    0.039  -29.304   8.289  68.209
  987    3  1128.12    27.96    0.053  -30.410   7.815  69.094
  988    3  1128.12    27.96    0.048  -30.067   6.512  69.763
  989    3  1128.12    27.96    0.218  -31.217   6.079  70.640
  990    9   725.70    20.26   -0.272  -31.035   4.684  71.082
  991    6     0.37     0.31    0.248  -30.567   8.977  65.865
  992    6     0.37     0.31    0.311  -31.804   4.414  71.661
  993    6     0.37     0.31    0.311  -30.993   4.084  70.283
  994    6     0.37     0.31    0.311  -30.184   4.607  71.602
  995    8   735.31    24.25   -0.520  -27.497  10.930  67.555
  996    4   769.72    21.49    0.201  -26.203  11.395  67.019
  997    1   888.79    24.81    0.526  -25.087  11.444  68.068
  998   11   480.19    20.72   -0.500  -25.337  11.718  69.246
  999    4   769.72    21.49    0.033  -26.269  12.813  66.357
 1000    2  1586.37    35.05    0.006  -27.127  12.784  65.087
 1001    2  1586.37    35.05    0.006  -26.733  13.868  67.375
 1002    6     0.37     0.31    0.248  -27.716  11.286  68.463
 1003    8   735.31    24.25   -0.520  -23.867  11.126  67.631
 1004    4   769.72    21.49    0.227  -22.682  11.206  68.498
 1005    1   888.79    24.81    0.526  -21.741  12.213  67.856
 1006   11   480.19    20.72   -0.500  -21.385  12.064  66.694
 1007    3  1128.12    27.96    0.039  -21.948   9.874  68.628
 1008    3  1128.12    27.96    0.053  -20.783   9.973  69.597
 1009    3  1128.12    27.96    0.048  -19.950   8.730  69.626
 1010    3  1128.12    27.96    0.218  -18.757   8.912  70.566
 1011    9   725.70    20.26   -0.272  -17.835   7.737  70.549
 1012    6     0.37     0.31    0.248  -23.674  10.816  66.700
 1013    6     0.37     0.31    0.311  -17.074   7.901  71.176
 1014    6     0.37     0.31    0.311  -18.332   6.918  70.836
 1015    6     0.37     0.31    0.311  -17.481   7.604  69.623
 1016    8   735.31    24.25   -0.520  -21.415  13.283  68.564
 1017    4   769.72    21.49    0.199  -20.503  14.269  68.007
 1018    1   888.79    24.81    0.526  -19.263  14.490  68.892
 1019   11   480.19    20.72   -0.500  -19.168  14.014  70.020
 1020    4   769.72    21.49    0.030  -21.179  15.650  67.744
 1021    3  1128.12    27.96    0.017  -21.571  16.296  69.065
 1022    2  1586.37    35.05    0.001  -22.401  15.491  66.856
 1023    2  1586.37    35.05   -0.001  -21.702  17.781  68.971
 1024    6     0.37     0.31    0.248  -21.751  13.484  69.484
 1025    8   735.31    24.25   -0.520  -18.328  15.242  68.350
 1026    4   769.72    21.49    0.237  -17.108  15.595  69.036
 1027    1   888.79    24.81    0.526  -17.050  17.092  68.786
 1028   11   480.19    20.72   -0.500  -17.470  17.544  67.718
 1029    3  1128.12    27.96    0.049  -15.936  14.899  68.342
 1030    3  1128.12    27.96    0.058  -14.547  15.338  68.763
 1031    3  1128.12    27.96    0.111  -13.520  14.879  67.721
 1032    8   735.31    24.25   -0.493  -13.441  13.420  67.594
 1033    1   888.79    24.81    0.813  -12.803  12.776  66.614
 1034    8   735.31    24.25   -0.635  -12.180  13.455  65.655
 1035    8   735.31    24.25   -0.634  -12.787  11.445  66.590
 1036    6     0.37     0.31    0.248  -18.396  15.621  67.427
 1037    6     0.37     0.31    0.294  -13.898  12.868  68.292
 1038    6     0.37     0.31    0.361  -12.187  14.455  65.665
 1039    6     0.37     0.31    0.362  -11.704  12.966  64.924
 1040    6     0.37     0.31    0.361  -13.253  10.926  67.307
 1041    6     0.37     0.31    0.362  -12.309  10.964  65.855
 1042    8   735.31    24.25   -0.520  -16.618  17.866  69.779
 1043    4   769.72    21.49    0.215  -16.499  19.312  69.609
 1044    1   888.79    24.81    0.526  -15.543  19.946  70.631
 1045   11   480.19    20.72   -0.500  -14.977  19.257  71.477
 1046    2  1586.37    35.05    0.031  -17.874  19.967  69.696
 1047    6     0.37     0.31    0.248  -16.353  17.528  70.682
 1048    8   735.31    24.25   -0.520  -15.323  21.249  70.509
 1049    4   769.72    21.49    0.204  -14.483  21.983  71.452
 1050    1   888.79    24.81    0.526  -15.455  22.842  72.253
 1051   11   480.19    20.72   -0.500  -16.381  23.408  71.673
 1052    3  1128.12    27.96    0.016  -13.498  22.904  70.711
 1053    4   769.72    21.49    0.054  -12.634  22.319  69.591
 1054    2  1586.37    35.05   -0.014  -11.691  23.381  69.064
 1055    2  1586.37    35.05   -0.014  -11.857  21.155  70.116
 1056    6     0.37     0.31    0.248  -15.708  21.812  69.778
 1057    8   735.31    24.25   -0.520  -15.276  22.933  73.570
 1058    4   769.72    21.49    0.246  -16.183  23.748  74.372
 1059    1   888.79    24.81    0.526  -15.778  25.219  74.360
 1060   11   480.19    20.72   -0.500  -14.918  25.625  73.580
 1061    3  1128.12    27.96   -0.208  -16.358  23.193  75.804
 1062    1   888.79    24.81    0.620  -15.055  23.139  76.594
 1063   11   480.19    20.72   -0.706  -14.207  24.038  76.409
 1064   11   480.19    20.72   -0.706  -14.889  22.195  77.410
 1065    6     0.37     0.31    0.248  -14.548  22.476  74.081
 1066    8   735.31    24.25   -0.520  -16.382  26.011  75.235
 1067    4   769.72    21.49    0.237  -16.098  27.439  75.292
 1068    1   888.79    24.81    0.526  -14.640  27.746  75.608
 1069   11   480.19    20.72   -0.500  -14.133  28.800  75.231
 1070    3  1128.12    27.96    0.049  -17.012  28.130  76.313
 1071    3  1128.12    27.96    0.058  -16.990  29.664  76.256
 1072    3  1128.12    27.96    0.111  -18.033  30.277  77.187
 1073    8   735.31    24.25   -0.493  -18.206  31.716  76.983
 1074    1   888.79    24.81    0.813  -17.434  32.653  77.527
 1075    8   735.31    24.25   -0.635  -16.420  32.317  78.317
 1076    8   735.31    24.25   -0.634  -17.681  33.932  77.286
 1077    6     0.37     0.31    0.248  -17.058  25.696  75.901
 1078    6     0.37     0.31    0.294  -18.956  32.016  76.394
 1079    6     0.37     0.31    0.361  -16.232  31.353  78.507
 1080    6     0.37     0.31    0.362  -15.845  33.028  78.722
 1081    6     0.37     0.31    0.361  -18.446  34.191  76.697
 1082    6     0.37     0.31    0.362  -17.102  34.638  77.694
 1083    8   735.31    24.25   -0.520  -13.979  26.831  76.308
 1084    4   769.72    21.49    0.246  -12.579  27.004  76.680
 1085    1   888.79    24.81    0.526  -11.655  26.310  75.684
 1086   11   480.19    20.72   -0.500  -10.478  26.109  75.968
 1087    3  1128.12    27.96   -0.208  -12.322  26.412  78.067
 1088    1   888.79    24.81    0.620  -13.253  26.962  79.130
 1089   11   480.19    20.72   -0.706  -13.594  28.165  79.069
 1090   11   480.19    20.72   -0.706  -13.637  26.184  80.033
 1091    6     0.37     0.31    0.248  -14.385  25.974  76.625
 1092    8   735.31    24.25   -0.520  -12.197  25.906  74.539
 1093    4   769.72    21.49    0.246  -11.394  25.219  73.548
 1094    1   888.79    24.81    0.526  -11.142  23.756  73.863
 1095   11   480.19    20.72   -0.500  -10.520  23.055  73.069
 1096    6     0.37     0.31    0.248  -13.155  26.040  74.287
 1097    8   735.31    24.25   -0.520  -11.625  23.278  75.003
 1098    4   769.72    21.49    0.227  -11.425  21.878  75.368
 1099    1   888.79    24.81    0.526  -12.361  20.929  74.606
 1100   11   480.19    20.72   -0.500  -13.577  21.125  74.577
 1101    3  1128.12    27.96    0.039  -11.631  21.662  76.873
 1102    3  1128.12    27.96    0.053  -10.933  22.654  77.791
 1103    3  1128.12    27.96    0.048  -10.926  22.125  79.230
 1104    3  1128.12    27.96    0.218  -10.285  23.103  80.219
 1105    9   725.70    20.26   -0.272  -11.154  24.292  80.470
 1106    6     0.37     0.31    0.248  -12.140  23.817  75.669
 1107    6     0.37     0.31    0.311  -10.702  24.905  81.119
 1108    6     0.37     0.31    0.311  -11.313  24.777  79.610
 1109    6     0.37     0.31    0.311  -12.029  23.992  80.850
 1110    8   735.31    24.25   -0.257  -11.795  19.918  73.938
 1111    4   769.72    21.49    0.112  -12.572  18.934  73.179
 1112    1   888.79    24.81    0.526  -13.430  18.055  74.091
 1113   11   480.19    20.72   -0.500  -13.031  17.735  75.214
 1114    3  1128.12    27.96   -0.001  -11.489  18.094  72.506
 1115    3  1128.12    27.96    0.036  -10.400  19.078  72.291
 1116    3  1128.12    27.96    0.084  -10.364  19.818  73.603
 1117    8   735.31    24.25   -0.520  -14.595  17.652  73.591
 1118    4   769.72    21.49    0.214  -15.512  16.785  74.320
 1119    1   888.79    24.81    0.526  -16.402  16.051  73.323
 1120   11   480.19    20.72   -0.500  -16.611  16.525  72.207
 1121    3  1128.12    27.96    0.038  -16.370  17.585  75.323
 1122    1   888.79    24.81    0.011  -17.404  18.469  74.685
 1123    1   888.79    24.81   -0.011  -18.723  18.042  74.562
 1124    1   888.79    24.81   -0.011  -17.066  19.727  74.203
 1125    1   888.79    24.81    0.004  -19.683  18.857  73.967
 1126    1   888.79    24.81    0.004  -18.029  20.551  73.603
 1127    1   888.79    24.81   -0.003  -19.341  20.104  73.488
 1128    6     0.37     0.31    0.248  -14.923  17.914  72.683
 1129    8   735.31    24.25   -0.520  -16.842  14.858  73.705
 1130    4   769.72    21.49    0.246  -17.732  14.045  72.892
 1131    1   888.79    24.81    0.526  -19.113  14.048  73.556
 1132   11   480.19    20.72   -0.500  -19.223  14.057  74.791
 1133    3  1128.12    27.96    0.000  -17.220  12.615  72.756
 1134    3  1128.12    27.96   -0.208  -16.022  12.474  71.848
 1135    1   888.79    24.81    0.620  -15.684  11.034  71.544
 1136   11   480.19    20.72   -0.706  -16.118  10.140  72.301
 1137   11   480.19    20.72   -0.706  -14.991  10.787  70.535
 1138    6     0.37     0.31    0.248  -16.593  14.435  74.576
 1139    8   735.31    24.25   -0.520  -20.154  13.974  72.732
 1140    4   769.72    21.49    0.204  -21.543  14.006  73.201
 1141    1   888.79    24.81    0.526  -22.477  13.071  72.423
 1142   11   480.19    20.72   -0.500  -22.394  12.990  71.199
 1143    3  1128.12    27.96    0.016  -22.066  15.443  73.081
 1144    4   769.72    21.49    0.054  -23.492  15.780  73.493
 1145    2  1586.37    35.05   -0.014  -23.690  15.341  74.917
 1146    2  1586.37    35.05   -0.014  -23.726  17.283  73.357
 1147    6     0.37     0.31    0.248  -20.064  13.892  71.739
 1148    8   735.31    24.25   -0.520  -23.333  12.348  73.149
 1149    4   769.72    21.49    0.246  -24.320  11.452  72.542
 1150    1   888.79    24.81    0.526  -25.658  12.120  72.796
 1151   11   480.19    20.72   -0.500  -25.976  12.472  73.926
 1152    3  1128.12    27.96    0.000  -24.262  10.043  73.141
 1153    3  1128.12    27.96   -0.208  -23.000   9.273  72.718
 1154    1   888.79    24.81    0.620  -23.084   7.771  72.963
 1155   11   480.19    20.72   -0.706  -23.484   7.032  72.035
 1156   11   480.19    20.72   -0.706  -22.726   7.326  74.073
 1157    6     0.37     0.31    0.248  -23.361  12.366  74.148
 1158    8   735.31    24.25   -0.520  -26.378  12.433  71.732
 1159    4   769.72    21.49    0.215  -27.647  13.116  71.879
 1160    1   888.79    24.81    0.526  -28.780  12.280  71.309
 1161   11   480.19    20.72   -0.500  -28.570  11.456  70.417
 1162    2  1586.37    35.05    0.031  -27.586  14.491  71.226
 1163    6     0.37     0.31    0.248  -26.114  12.231  70.789
 1164    8   735.31    24.25   -0.520  -29.967  12.483  71.875
 1165    4   769.72    21.49    0.246  -31.197  11.776  71.501
 1166    1   888.79    24.81    0.526  -32.301  12.821  71.639
 1167   11   480.19    20.72   -0.500  -32.051  13.908  72.168
 1168    3  1128.12    27.96   -0.208  -31.431  10.645  72.517
 1169    1   888.79    24.81    0.620  -32.604   9.716  72.162
 1170   11   480.19    20.72   -0.706  -33.279   9.879  71.116
 1171   11   480.19    20.72   -0.706  -32.843   8.789  72.967
 1172    6     0.37     0.31    0.248  -30.105  13.146  72.611
 1173    8   735.31    24.25   -0.520  -33.501  12.519  71.147
 1174    4   769.72    21.49    0.246  -34.611  13.448  71.285
 1175    1   888.79    24.81    0.526  -34.424  14.818  70.656
 1176   11   480.19    20.72   -0.500  -33.866  14.942  69.548
 1177    6     0.37     0.31    0.248  -33.719  11.669  70.667
 1178    8   735.31    24.25   -0.520  -34.826  15.851  71.393
 1179    4   769.72    21.49    0.204  -34.748  17.215  70.908
 1180    1   888.79    24.81    0.526  -33.324  17.756  70.728
 1181   11   480.19    20.72   -0.500  -33.099  18.614  69.854
 1182    3  1128.12    27.96    0.016  -35.545  18.150  71.820
 1183    4   769.72    21.49    0.054  -35.621  19.630  71.433
 1184    2  1586.37    35.05   -0.014  -36.297  19.835  70.090
 1185    2  1586.37    35.05   -0.014  -36.363  20.366  72.521
 1186    6     0.37     0.31    0.248  -35.203  15.763  72.315
 1187    8   735.31    24.25   -0.520  -32.398  17.329  71.597
 1188    4   769.72    21.49    0.204  -30.988  17.761  71.517
 1189    1   888.79    24.81    0.526  -30.426  17.290  70.179
 1190   11   480.19    20.72   -0.500  -29.912  18.096  69.433
 1191    3  1128.12    27.96    0.016  -30.140  17.208  72.685
 1192    4   769.72    21.49    0.054  -28.665  17.668  72.728
 1193    2  1586.37    35.05   -0.014  -28.594  19.161  72.946
 1194    2  1586.37    35.05   -0.014  -27.874  16.924  73.792
 1195    6     0.37     0.31    0.248  -32.591  16.698  72.349
 1196    8   735.31    24.25   -0.520  -30.633  16.014  69.847
 1197    4   769.72    21.49    0.215  -30.174  15.410  68.588
 1198    1   888.79    24.81    0.526  -30.642  16.123  67.319
 1199   11   480.19    20.72   -0.500  -29.888  16.241  66.334
 1200    2  1586.37    35.05    0.031  -30.583  13.973  68.539
 1201    6     0.37     0.31    0.248  -31.121  15.373  70.439
 1202    8   735.31    24.25   -0.520  -31.900  16.564  67.348
 1203    4   769.72    21.49    0.199  -32.553  17.283  66.256
 1204    1   888.79    24.81    0.526  -32.022  18.718  66.174
 1205   11   480.19    20.72   -0.500  -31.841  19.282  65.088
 1206    4   769.72    21.49    0.030  -34.099  17.293  66.506
 1207    3  1128.12    27.96    0.017  -34.685  15.933  66.152
 1208    2  1586.37    35.05    0.001  -34.774  18.417  65.752
 1209    2  1586.37    35.05   -0.001  -36.083  15.725  66.681
 1210    6     0.37     0.31    0.248  -32.497  16.429  68.139
 1211    8   735.31    24.25   -0.520  -31.828  19.321  67.338
 1212    4   769.72    21.49    0.146  -31.320  20.687  67.442
 1213    1   888.79    24.81    0.526  -29.870  20.785  66.908
 1214   11   480.19    20.72   -0.500  -29.570  21.636  66.064
 1215    3  1128.12    27.96    0.100  -31.396  21.138  68.902
 1216   14  1831.79    40.48   -0.135  -30.700  22.751  69.170
 1217    6     0.37     0.31    0.248  -32.014  18.889  68.220
 1218    6     0.37     0.31    0.135  -30.803  23.064  70.427
 1219    8   735.31    24.25   -0.520  -29.007  19.876  67.369
 1220    4   769.72    21.49    0.199  -27.614  19.805  66.924
 1221    1   888.79    24.81    0.526  -27.592  19.714  65.392
 1222   11   480.19    20.72   -0.500  -26.929  20.507  64.728
 1223    4   769.72    21.49    0.030  -26.908  18.553  67.506
 1224    3  1128.12    27.96    0.017  -26.593  18.759  68.982
 1225    2  1586.37    35.05    0.001  -25.591  18.261  66.747
 1226    2  1586.37    35.05   -0.001  -25.818  17.596  69.582
 1227    6     0.37     0.31    0.248  -29.250  19.183  68.048
 1228    8   735.31    24.25   -0.520  -28.387  18.799  64.835
 1229    4   769.72    21.49    0.210  -28.449  18.612  63.391
 1230    1   888.79    24.81    0.526  -28.892  19.844  62.661
 1231   11   480.19    20.72   -0.500  -28.413  20.128  61.573
 1232    3  1128.12    27.96    0.053  -29.386  17.469  63.020
 1233    3  1128.12    27.96   -0.043  -28.896  16.099  63.374
 1234    1   888.79    24.81    0.675  -29.953  15.037  63.166
 1235   11   480.19    20.72   -0.470  -30.245  14.636  62.029
 1236    8   735.31    24.25   -0.867  -30.520  14.553  64.263
 1237    6     0.37     0.31    0.248  -28.984  18.189  65.355
 1238    6     0.37     0.31    0.344  -31.213  13.836  64.193
 1239    6     0.37     0.31    0.344  -30.254  14.906  65.160
 1240    8   735.31    24.25   -0.520  -29.793  20.599  63.266
 1241    4   769.72    21.49    0.219  -30.323  21.790  62.631
 1242    1   888.79    24.81    0.526  -29.308  22.952  62.674
 1243   11   480.19    20.72   -0.500  -29.212  23.745  61.730
 1244    3  1128.12    27.96    0.060  -31.676  22.091  63.304
 1245    1   888.79    24.81    0.089  -32.178  23.483  63.110
 1246    8   735.31    24.25   -0.444  -33.341  23.770  62.429
 1247    1   888.79    24.81    0.145  -31.700  24.668  63.561
 1248    1   888.79    24.81    0.384  -33.559  25.072  62.468
 1249    8   735.31    24.25   -0.527  -32.576  25.637  63.152
 1250    6     0.37     0.31    0.248  -30.164  20.412  64.176
 1251    6     0.37     0.31    0.320  -33.928  23.098  61.977
 1252    8   735.31    24.25   -0.520  -28.560  23.063  63.769
 1253    4   769.72    21.49    0.246  -27.546  24.117  63.877
 1254    1   888.79    24.81    0.526  -26.351  23.807  62.936
 1255   11   480.19    20.72   -0.500  -25.948  24.668  62.153
 1256    3  1128.12    27.96    0.000  -27.046  24.271  65.313
 1257    3  1128.12    27.96   -0.208  -28.117  24.502  66.380
 1258    1   888.79    24.81    0.620  -29.031  25.668  66.079
 1259   11   480.19    20.72   -0.706  -28.854  26.373  65.056
 1260   11   480.19    20.72   -0.706  -29.945  25.876  66.893
 1261    6     0.37     0.31    0.248  -28.630  22.463  64.566
 1262    8   735.31    24.25   -0.520  -25.840  22.573  62.998
 1263    4   769.72    21.49    0.137  -24.738  22.121  62.136
 1264    1   888.79    24.81    0.526  -25.081  22.366  60.669
 1265   11   480.19    20.72   -0.500  -24.222  22.810  59.890
 1266    3  1128.12    27.96    0.037  -24.405  20.639  62.387
 1267    3  1128.12    27.96    0.090  -23.642  20.413  63.710
 1268   14  1831.79    40.48   -0.025  -22.946  18.738  63.949
 1269    2  1586.37    35.05    0.007  -21.769  18.730  62.543
 1270    6     0.37     0.31    0.248  -26.170  21.873  63.632
 1271    8   735.31    24.25   -0.520  -26.353  22.163  60.302
 1272    4   769.72    21.49    0.246  -26.788  22.409  58.925
 1273    1   888.79    24.81    0.526  -26.551  23.868  58.576
 1274   11   480.19    20.72   -0.500  -26.255  24.223  57.440
 1275    3  1128.12    27.96   -0.208  -28.280  22.120  58.745
 1276    1   888.79    24.81    0.620  -28.569  20.694  58.354
 1277   11   480.19    20.72   -0.706  -27.651  19.844  58.330
 1278   11   480.19    20.72   -0.706  -29.756  20.426  58.060
 1279    6     0.37     0.31    0.248  -27.073  21.841  60.917
 1280    8   735.31    24.25   -0.520  -26.726  24.725  59.559
 1281    4   769.72    21.49    0.195  -26.541  26.139  59.349
 1282    1   888.79    24.81    0.526  -25.130  26.513  58.934
 1283   11   480.19    20.72   -0.500  -24.947  27.291  57.995
 1284    3  1128.12    27.96    0.211  -26.957  26.910  60.598
 1285    1   888.79    24.81    0.103  -28.338  27.467  60.515
 1286    8   735.31    24.25   -0.613  -28.728  28.318  59.504
 1287    1   888.79    24.81    0.353  -29.441  27.269  61.280
 1288    1   888.79    24.81    0.719  -30.003  28.618  59.641
 1289    8   735.31    24.25   -0.686  -30.458  27.993  60.712
 1290    6     0.37     0.31    0.248  -26.990  24.470  60.489
 1291    6     0.37     0.31    0.478  -28.132  28.657  58.776
 1292    6     0.37     0.31    0.486  -31.396  28.040  61.055
 1293    8   735.31    24.25   -0.520  -24.144  25.922  59.603
 1294    4   769.72    21.49    0.204  -22.729  26.198  59.333
 1295    1   888.79    24.81    0.526  -22.310  25.822  57.916
 1296   11   480.19    20.72   -0.500  -21.278  26.253  57.436
 1297    3  1128.12    27.96    0.016  -21.850  25.490  60.360
 1298    4   769.72    21.49    0.054  -22.084  25.910  61.811
 1299    2  1586.37    35.05   -0.014  -21.322  24.972  62.712
 1300    2  1586.37    35.05   -0.014  -21.713  27.368  62.035
 1301    6     0.37     0.31    0.248  -24.295  25.253  60.331
 1302    8   735.31    24.25   -0.520  -23.125  25.017  57.246
 1303    4   769.72    21.49    0.201  -22.848  24.620  55.885
 1304    1   888.79    24.81    0.526  -23.847  25.244  54.898
 1305   11   480.19    20.72   -0.500  -24.026  24.746  53.793
 1306    4   769.72    21.49    0.033  -22.747  23.075  55.729
 1307    2  1586.37    35.05    0.006  -21.571  22.548  56.547
 1308    2  1586.37    35.05    0.006  -24.035  22.378  56.162
 1309    6     0.37     0.31    0.248  -23.969  24.636  57.624
 1310    8   735.31    24.25   -0.520  -24.452  26.363  55.293
 1311    4   769.72    21.49    0.246  -25.407  27.063  54.441
 1312    1   888.79    24.81    0.526  -26.700  26.327  54.098
 1313   11   480.19    20.72   -0.500  -27.301  26.594  53.057
 1314    6     0.37     0.31    0.248  -24.299  26.795  56.182
 1315    8   735.31    24.25   -0.520  -27.131  25.421  54.978
 1316    4   769.72    21.49    0.227  -28.341  24.633  54.764
 1317    1   888.79    24.81    0.526  -29.430  25.007  55.768
 1318   11   480.19    20.72   -0.500  -29.159  25.266  56.943
 1319    3  1128.12    27.96    0.039  -28.030  23.147  54.853
 1320    3  1128.12    27.96    0.053  -29.180  22.274  54.415
 1321    3  1128.12    27.96    0.048  -28.921  20.799  54.665
 1322    3  1128.12    27.96    0.218  -27.867  20.240  53.737
 1323    9   725.70    20.26   -0.272  -27.838  18.746  53.789
 1324    6     0.37     0.31    0.248  -26.661  25.219  55.837
 1325    6     0.37     0.31    0.311  -27.134  18.404  53.167
 1326    6     0.37     0.31    0.311  -27.632  18.448  54.721
 1327    6     0.37     0.31    0.311  -28.729  18.385  53.514
 1328    8   735.31    24.25   -0.520  -30.666  25.049  55.274
 1329    4   769.72    21.49    0.204  -31.828  25.420  56.076
 1330    1   888.79    24.81    0.526  -32.853  24.277  56.030
 1331   11   480.19    20.72   -0.500  -32.900  23.545  55.039
 1332    3  1128.12    27.96    0.016  -32.415  26.714  55.503
 1333    4   769.72    21.49    0.054  -31.542  27.976  55.323
 1334    2  1586.37    35.05   -0.014  -32.297  29.041  54.529
 1335    2  1586.37    35.05   -0.014  -31.090  28.572  56.654
 1336    6     0.37     0.31    0.248  -30.885  24.830  54.323
 1337    8   735.31    24.25   -0.520  -33.656  24.113  57.090
 1338    4   769.72    21.49    0.214  -34.666  23.027  57.165
 1339    1   888.79    24.81    0.526  -35.662  22.911  55.979
 1340   11   480.19    20.72   -0.500  -36.063  21.799  55.569
 1341    3  1128.12    27.96    0.038  -35.402  23.039  58.534
 1342    1   888.79    24.81    0.011  -36.528  24.049  58.646
 1343    1   888.79    24.81   -0.011  -37.744  23.842  57.989
 1344    1   888.79    24.81   -0.011  -36.395  25.174  59.449
 1345    1   888.79    24.81    0.004  -38.816  24.746  58.133
 1346    1   888.79    24.81    0.004  -37.464  26.085  59.600
 1347    1   888.79    24.81   -0.003  -38.672  25.866  58.941
 1348    6     0.37     0.31    0.248  -33.633  24.703  57.897
 1349    8   735.31    24.25   -0.520  -36.014  24.051  55.389
 1350    4   769.72    21.49    0.137  -36.923  24.051  54.266
 1351    1   888.79    24.81    0.526  -36.339  23.390  53.015
 1352   11   480.19    20.72   -0.500  -37.100  22.941  52.156
 1353    3  1128.12    27.96    0.037  -37.417  25.463  53.975
 1354    3  1128.12    27.96    0.090  -36.337  26.441  53.586
 1355   14  1831.79    40.48   -0.025  -37.034  28.034  53.163
 1356    2  1586.37    35.05    0.007  -37.977  27.576  51.726
 1357    6     0.37     0.31    0.248  -35.689  24.955  55.667
 1358    8   735.31    24.25   -0.520  -35.009  23.240  52.951
 1359    4   769.72    21.49    0.246  -34.342  22.609  51.791
 1360    1   888.79    24.81    0.526  -34.730  21.158  51.698
 1361   11   480.19    20.72   -0.500  -34.539  20.521  50.659
 1362    3  1128.12    27.96   -0.208  -32.805  22.652  51.903
 1363    1   888.79    24.81    0.620  -32.248  24.052  51.911
 1364   11   480.19    20.72   -0.706  -32.882  24.965  51.339
 1365   11   480.19    20.72   -0.706  -31.166  24.235  52.511
 1366    6     0.37     0.31    0.248  -34.382  23.539  53.671
 1367    8   735.31    24.25   -0.520  -35.199  20.626  52.822
 1368    4   769.72    21.49    0.245  -35.640  19.233  52.932
 1369    1   888.79    24.81    0.526  -37.030  19.017  52.337
 1370   11   480.19    20.72   -0.500  -37.394  17.898  51.978
 1371    3  1128.12    27.96    0.022  -35.676  18.809  54.412
 1372    1   888.79    24.81   -0.001  -34.311  18.547  55.008
 1373    1   888.79    24.81   -0.035  -33.713  19.463  55.879
 1374    1   888.79    24.81   -0.035  -33.618  17.374  54.709
 1375    1   888.79    24.81    0.100  -32.463  19.212  56.436
 1376    1   888.79    24.81    0.100  -32.365  17.116  55.254
 1377    1   888.79    24.81   -0.121  -31.795  18.039  56.116
 1378   12   500.18    19.68   -0.368  -30.549  17.787  56.635
 1379    6     0.37     0.31    0.248  -35.284  21.141  53.675
 1380    6     0.37     0.31    0.339  -30.224  18.593  57.130
 1381    8   735.31    24.25   -0.520  -37.789  20.103  52.250
 1382    4   769.72    21.49    0.204  -39.165  20.088  51.760
 1383    1   888.79    24.81    0.526  -39.327  20.064  50.226
 1384   11   480.19    20.72   -0.500  -38.355  20.255  49.471
 1385    3  1128.12    27.96    0.016  -39.933  21.258  52.403
 1386    4   769.72    21.49    0.054  -39.616  21.383  53.899
 1387    2  1586.37    35.05   -0.014  -40.362  22.510  54.558
 1388    2  1586.37    35.05   -0.014  -39.892  20.079  54.599
 1389    6     0.37     0.31    0.248  -37.470  21.013  52.515
 1390    8   735.31    24.25   -0.520  -40.548  19.763  49.775
 1391    4   769.72    21.49    0.292  -40.863  19.695  48.349
 1392    1   888.79    24.81    0.526  -40.856  21.104  47.766
 1393   11   480.19    20.72   -0.500  -40.978  22.087  48.508
 1394    3  1128.12    27.96    0.194  -42.249  19.073  48.141
 1395   12   500.18    19.68   -0.550  -43.274  20.029  48.387
 1396    6     0.37     0.31    0.248  -41.324  19.565  50.373
 1397    6     0.37     0.31    0.310  -44.168  19.604  48.244
 1398    8   735.31    24.25   -0.257  -40.762  21.220  46.426
 1399    4   769.72    21.49    0.112  -40.745  22.519  45.737
 1400    1   888.79    24.81    0.526  -41.975  23.350  46.082
 1401   11   480.19    20.72   -0.500  -41.870  24.544  46.357
 1402    3  1128.12    27.96   -0.001  -40.763  22.124  44.264
 1403    3  1128.12    27.96    0.036  -40.048  20.807  44.251
 1404    3  1128.12    27.96    0.084  -40.632  20.114  45.456
 1405    8   735.31    24.25   -0.520  -43.133  22.696  46.120
 1406    4   769.72    21.49    0.204  -44.387  23.372  46.431
 1407    1   888.79    24.81    0.526  -44.411  23.891  47.865
 1408   11   480.19    20.72   -0.500  -44.881  25.002  48.113
 1409    3  1128.12    27.96    0.016  -45.581  22.446  46.190
 1410    4   769.72    21.49    0.054  -45.568  21.686  44.863
 1411    2  1586.37    35.05   -0.014  -45.112  20.251  45.121
 1412    2  1586.37    35.05   -0.014  -46.948  21.707  44.218
 1413    6     0.37     0.31    0.248  -43.226  21.716  45.942
 1414    8   735.31    24.25   -0.520  -43.918  23.095  48.814
 1415    4   769.72    21.49    0.227  -43.917  23.544  50.201
 1416    1   888.79    24.81    0.526  -42.913  24.654  50.389
 1417   11   480.19    20.72   -0.500  -43.158  25.614  51.118
 1418    3  1128.12    27.96    0.039  -43.586  22.423  51.165
 1419    3  1128.12    27.96    0.053  -44.089  22.732  52.559
 1420    3  1128.12    27.96    0.048  -45.579  22.467  52.644
 1421    3  1128.12    27.96    0.218  -45.851  21.004  52.313
 1422    9   725.70    20.26   -0.272  -47.281  20.598  52.268
 1423    6     0.37     0.31    0.248  -43.535  22.185  48.658
 1424    6     0.37     0.31    0.311  -47.345  19.626  52.044
 1425    6     0.37     0.31    0.311  -47.703  20.763  53.160
 1426    6     0.37     0.31    0.311  -47.758  21.132  51.570
 1427    8   735.31    24.25   -0.520  -41.755  24.490  49.759
 1428    4   769.72    21.49    0.210  -40.706  25.489  49.824
 1429    1   888.79    24.81    0.526  -41.294  26.750  49.262
 1430   11   480.19    20.72   -0.500  -41.068  27.825  49.795
 1431    3  1128.12    27.96    0.053  -39.499  25.082  48.984
 1432    3  1128.12    27.96   -0.043  -38.730  23.910  49.530
 1433    1   888.79    24.81    0.675  -37.306  23.893  49.013
 1434   11   480.19    20.72   -0.470  -36.625  24.921  49.023
 1435    8   735.31    24.25   -0.867  -36.845  22.729  48.577
 1436    6     0.37     0.31    0.248  -41.528  23.687  49.208
 1437    6     0.37     0.31    0.344  -35.907  22.658  48.237
 1438    6     0.37     0.31    0.344  -37.435  21.922  48.588
 1439    8   735.31    24.25   -0.520  -42.084  26.606  48.203
 1440    4   769.72    21.49    0.210  -42.731  27.758  47.583
 1441    1   888.79    24.81    0.526  -43.705  28.465  48.538
 1442   11   480.19    20.72   -0.500  -43.699  29.700  48.651
 1443    3  1128.12    27.96    0.053  -43.475  27.337  46.319
 1444    3  1128.12    27.96   -0.043  -44.203  28.485  45.649
 1445    1   888.79    24.81    0.675  -45.188  28.004  44.622
 1446   11   480.19    20.72   -0.470  -45.377  26.803  44.447
 1447    8   735.31    24.25   -0.867  -45.826  28.934  43.931
 1448    6     0.37     0.31    0.248  -42.287  25.729  47.768
 1449    6     0.37     0.31    0.344  -46.493  28.670  43.234
 1450    6     0.37     0.31    0.344  -45.642  29.901  44.106
 1451    8   735.31    24.25   -0.520  -44.541  27.679  49.215
 1452    4   769.72    21.49    0.237  -45.511  28.215  50.170
 1453    1   888.79    24.81    0.526  -44.812  28.885  51.365
 1454   11   480.19    20.72   -0.500  -45.277  29.916  51.859
 1455    3  1128.12    27.96    0.049  -46.467  27.111  50.643
 1456    6     0.37     0.31    0.248  -44.566  26.684  49.121
 1457    8   735.31    24.25   -0.520  -43.699  28.308  51.824
 1458    4   769.72    21.49    0.199  -42.942  28.884  52.939
 1459    1   888.79    24.81    0.526  -42.393  30.250  52.524
 1460   11   480.19    20.72   -0.500  -42.532  31.236  53.256
 1461    4   769.72    21.49    0.030  -41.746  27.992  53.356
 1462    3  1128.12    27.96    0.017  -42.243  26.628  53.820
 1463    2  1586.37    35.05    0.001  -40.972  28.646  54.494
 1464    2  1586.37    35.05   -0.001  -41.129  25.694  54.243
 1465    6     0.37     0.31    0.248  -43.311  27.465  51.452
 1466    8   735.31    24.25   -0.520  -41.783  30.289  51.341
 1467    4   769.72    21.49    0.237  -41.205  31.506  50.784
 1468    1   888.79    24.81    0.526  -42.245  32.614  50.654
 1469   11   480.19    20.72   -0.500  -41.978  33.758  51.034
 1470    3  1128.12    27.96    0.049  -40.576  31.236  49.408
 1471    3  1128.12    27.96    0.058  -39.312  30.381  49.427
 1472    3  1128.12    27.96    0.111  -38.706  30.193  48.026
 1473    8   735.31    24.25   -0.493  -39.434  29.252  47.168
 1474    1   888.79    24.81    0.813  -40.146  29.610  46.100
 1475    8   735.31    24.25   -0.635  -40.232  30.893  45.761
 1476    8   735.31    24.25   -0.634  -40.759  28.692  45.359
 1477    6     0.37     0.31    0.248  -41.678  29.488  50.752
 1478    6     0.37     0.31    0.294  -39.393  28.280  47.399
 1479    6     0.37     0.31    0.361  -39.763  31.587  46.307
 1480    6     0.37     0.31    0.362  -40.766  31.164  44.960
 1481    6     0.37     0.31    0.361  -40.688  27.724  45.602
 1482    6     0.37     0.31    0.362  -41.291  28.969  44.559
 1483    8   735.31    24.25   -0.520  -43.422  32.271  50.124
 1484    4   769.72    21.49    0.210  -44.519  33.234  49.928
 1485    1   888.79    24.81    0.526  -45.189  33.721  51.220
 1486   11   480.19    20.72   -0.500  -45.706  34.841  51.269
 1487    3  1128.12    27.96    0.053  -45.568  32.657  48.975
 1488    3  1128.12    27.96   -0.043  -45.014  32.344  47.588
 1489    1   888.79    24.81    0.675  -46.040  31.721  46.664
 1490   11   480.19    20.72   -0.470  -47.161  31.416  47.073
 1491    8   735.31    24.25   -0.867  -45.656  31.514  45.412
 1492    6     0.37     0.31    0.248  -43.641  31.342  49.825
 1493    6     0.37     0.31    0.344  -46.286  31.095  44.758
 1494    6     0.37     0.31    0.344  -44.736  31.777  45.121
 1495    8   735.31    24.25   -0.520  -45.192  32.871  52.250
 1496    4   769.72    21.49    0.227  -45.769  33.205  53.551
 1497    1   888.79    24.81    0.526  -44.822  34.094  54.338
 1498   11   480.19    20.72   -0.500  -45.253  34.976  55.083
 1499    3  1128.12    27.96    0.039  -46.065  31.940  54.350
 1500    3  1128.12    27.96    0.053  -47.246  31.160  53.822
 1501    3  1128.12    27.96    0.048  -47.555  29.954  54.692
 1502    3  1128.12    27.96    0.218  -48.777  29.203  54.173
 1503    9   725.70    20.26   -0.272  -50.014  30.043  54.194
 1504    6     0.37     0.31    0.248  -44.802  31.951  52.205
 1505    6     0.37     0.31    0.311  -50.785  29.510  53.846
 1506    6     0.37     0.31    0.311  -50.205  30.332  55.132
 1507    6     0.37     0.31    0.311  -49.880  30.849  53.618
 1508    8   735.31    24.25   -0.520  -43.527  33.823  54.209
 1509    4   769.72    21.49    0.201  -42.520  34.625  54.884
 1510    1   888.79    24.81    0.526  -42.588  36.016  54.256
 1511   11   480.19    20.72   -0.500  -42.689  37.017  54.958
 1512    4   769.72    21.49    0.033  -41.099  34.030  54.705
 1513    2  1586.37    35.05    0.006  -40.052  34.953  55.313
 1514    2  1586.37    35.05    0.006  -41.023  32.658  55.359
 1515    6     0.37     0.31    0.248  -43.162  33.073  53.657
 1516    8   735.31    24.25   -0.520  -42.659  36.055  52.928
 1517    4   769.72    21.49    0.246  -42.711  37.309  52.169
 1518    1   888.79    24.81    0.526  -43.880  38.259  52.462
 1519   11   480.19    20.72   -0.500  -43.944  39.348  51.891
 1520    3  1128.12    27.96    0.000  -42.627  37.023  50.667
 1521    6     0.37     0.31    0.248  -42.682  35.236  52.355
 1522    8   735.31    24.25   -0.520  -44.805  37.854  53.327
 1523    4   769.72    21.49    0.227  -45.940  38.702  53.680
 1524    1   888.79    24.81    0.526  -45.612  39.467  54.957
 1525   11   480.19    20.72   -0.500  -46.185  40.517  55.229
 1526    3  1128.12    27.96    0.039  -47.187  37.852  53.876
 1527    6     0.37     0.31    0.248  -44.792  36.966  53.786
 1528    8   735.31    24.25   -0.520  -44.649  38.946  55.709
 1529    4   769.72    21.49    0.204  -44.226  39.544  56.964
 1530    1   888.79    24.81    0.526  -42.926  40.355  56.801
 1531   11   480.19    20.72   -0.500  -42.765  41.053  55.797
 1532    3  1128.12    27.96    0.016  -44.091  38.450  58.038
 1533    6     0.37     0.31    0.248  -44.151  38.113  55.468
 1534    8   735.31    24.25   -0.520  -42.022  40.266  57.791
 1535    4   769.72    21.49    0.246  -40.719  40.987  57.854
 1536    1   888.79    24.81    0.526  -40.869  42.518  57.954
 1537   11   480.19    20.72   -0.500  -39.928  43.243  58.297
 1538    3  1128.12    27.96   -0.208  -39.749  40.584  56.717
 1539    1   888.79    24.81    0.620  -38.772  39.458  57.130
 1540   11   480.19    20.72   -0.706  -38.675  39.141  58.341
 1541   11   480.19    20.72   -0.706  -38.099  38.890  56.236
 1542    6     0.37     0.31    0.248  -42.172  39.682  58.589
 1543    8   735.31    24.25   -0.520  -42.084  42.974  57.676
 1544    4   769.72    21.49    0.237  -42.493  44.365  57.736
 1545    1   888.79    24.81    0.526  -43.376  44.331  58.991
 1546   11   480.19    20.72   -0.500  -42.915  43.878  60.045
 1547    3  1128.12    27.96    0.049  -43.306  44.686  56.480
 1548    3  1128.12    27.96    0.058  -44.352  43.619  56.174
 1549    3  1128.12    27.96    0.111  -45.022  43.829  54.847
 1550    8   735.31    24.25   -0.493  -44.142  43.515  53.727
 1551    1   888.79    24.81    0.813  -44.569  43.028  52.567
 1552    8   735.31    24.25   -0.635  -45.855  42.787  52.384
 1553    8   735.31    24.25   -0.634  -43.723  42.837  51.565
 1554    6     0.37     0.31    0.248  -42.827  42.366  57.396
 1555    6     0.37     0.31    0.294  -43.161  43.675  53.839
 1556    6     0.37     0.31    0.361  -46.508  42.971  53.119
 1557    6     0.37     0.31    0.362  -46.176  42.420  51.511
 1558    6     0.37     0.31    0.361  -42.755  43.060  51.679
 1559    6     0.37     0.31    0.362  -44.053  42.470  50.695
 1560    8   735.31    24.25   -0.520  -44.640  44.734  58.874
 1561    4   769.72    21.49    0.204  -45.537  44.694  60.018
 1562    1   888.79    24.81    0.526  -45.581  45.946  60.874
 1563   11   480.19    20.72   -0.500  -46.054  45.862  62.029
 1564    6     0.37     0.31    0.248  -45.049  45.079  58.029
 1565   26    53.67     7.33    1.400  -32.456  27.866  62.346
