    1    8   735.31    24.25   -0.520   23.779   2.277  46.922
    2    4   769.72    21.49    0.245   23.563   3.414  47.863
    3    1   888.79    24.81    0.526   22.382   4.233  47.386
    4   11   480.19    20.72   -0.500   21.952   4.102  46.241
    5    3  1128.12    27.96    0.022   24.809   4.308  47.957
    6    1   888.79    24.81   -0.001   25.131   5.091  46.694
    7    1   888.79    24.81   -0.035   24.423   6.259  46.361
    8    1   888.79    24.81   -0.035   26.133   4.661  45.826
    9    1   888.79    24.81    0.100   24.707   6.966  45.194
   10    1   888.79    24.81    0.100   26.427   5.362  44.662
   11    1   888.79    24.81   -0.121   25.712   6.508  44.349
   12   12   500.18    19.68   -0.368   26.014   7.179  43.185
   13    6     0.37     0.31    0.339   26.844   6.808  42.871
   14    8   735.31    24.25   -0.520   21.879   5.093  48.262
   15    4   769.72    21.49    0.217   20.756   5.956  47.947
   16    1   888.79    24.81    0.526   20.934   7.284  48.645
   17   11   480.19    20.72   -0.500   21.374   7.336  49.787
   18    3  1128.12    27.96    0.003   19.446   5.330  48.410
   19    1   888.79    24.81    0.675   19.080   4.104  47.618
   20   11   480.19    20.72   -0.470   19.252   2.974  48.079
   21    8   735.31    24.25   -0.867   18.565   4.313  46.412
   22    6     0.37     0.31    0.248   22.297   5.177  49.149
   23    6     0.37     0.31    0.344   18.391   3.559  45.824
   24    6     0.37     0.31    0.344   18.411   5.244  46.153
   25    8   735.31    24.25   -0.520   20.657   8.361  47.935
   26    4   769.72    21.49    0.201   20.738   9.684  48.522
   27    1   888.79    24.81    0.526   19.277  10.063  48.728
   28   11   480.19    20.72   -0.500   18.392   9.454  48.122
   29    4   769.72    21.49    0.033   21.450  10.678  47.583
   30    2  1586.37    35.05    0.006   21.360  12.099  48.133
   31    2  1586.37    35.05    0.006   22.918  10.281  47.434
   32    6     0.37     0.31    0.248   20.319   8.297  47.015
   33    8   735.31    24.25   -0.520   19.009  10.994  49.641
   34    4   769.72    21.49    0.214   17.639  11.428  49.901
   35    1   888.79    24.81    0.526   17.061  12.111  48.658
   36   11   480.19    20.72   -0.500   17.805  12.654  47.841
   37    3  1128.12    27.96    0.038   17.603  12.408  51.079
   38    1   888.79    24.81    0.011   17.897  11.780  52.410
   39    1   888.79    24.81   -0.011   19.035  12.132  53.123
   40    1   888.79    24.81   -0.011   17.023  10.852  52.970
   41    1   888.79    24.81    0.004   19.305  11.573  54.378
   42    1   888.79    24.81    0.004   17.287  10.286  54.227
   43    1   888.79    24.81   -0.003   18.429  10.651  54.928
   44    6     0.37     0.31    0.248   19.754  11.411  50.128
   45    8   735.31    24.25   -0.257   15.730  12.044  48.471
   46    4   769.72    21.49    0.112   15.086  12.676  47.312
   47    1   888.79    24.81    0.526   15.331  14.193  47.302
   48   11   480.19    20.72   -0.500   15.613  14.792  48.338
   49    3  1128.12    27.96   -0.001   13.608  12.362  47.537
   50    3  1128.12    27.96    0.036   13.655  11.042  48.227
   51    3  1128.12    27.96    0.084   14.755  11.246  49.237
   52    8   735.31    24.25   -0.520   15.178  14.810  46.136
   53    4   769.72    21.49    0.237   15.393  16.252  45.983
   54    1   888.79    24.81    0.526   14.245  17.085  46.557
   55   11   480.19    20.72   -0.500   14.425  18.240  46.939
   56    3  1128.12    27.96    0.049   15.604  16.606  44.507
   57    3  1128.12    27.96    0.058   16.666  15.760  43.806
   58    3  1128.12    27.96    0.111   16.119  14.394  43.356
   59    8   735.31    24.25   -0.493   15.318  14.480  42.131
   60    1   888.79    24.81    0.813   13.994  14.629  42.086
   61    8   735.31    24.25   -0.635   13.284  14.709  43.208
   62    8   735.31    24.25   -0.634   13.381  14.714  40.910
   63    6     0.37     0.31    0.248   14.942  14.227  45.403
   64    6     0.37     0.31    0.294   15.850  14.414  41.303
   65    6     0.37     0.31    0.361   13.746  14.664  44.089
   66    6     0.37     0.31    0.362   12.289  14.843  43.223
   67    6     0.37     0.31    0.361   13.913  14.676  40.058
   68    6     0.37     0.31    0.362   12.388  14.845  40.809
   69    8   735.31    24.25   -0.520   13.059  16.493  46.601
   70    4   769.72    21.49    0.268   11.882  17.167  47.124
   71    1   888.79    24.81    0.526   11.150  16.208  48.040
   72   11   480.19    20.72   -0.500   11.360  14.990  47.968
   73    4   769.72    21.49    0.211   10.920  17.589  45.991
   74   12   500.18    19.68   -0.550   10.739  16.500  45.074
   75    2  1586.37    35.05    0.007   11.465  18.791  45.247
   76    6     0.37     0.31    0.248   12.921  15.568  46.350
   77    6     0.37     0.31    0.310   10.140  16.909  44.433
   78    8   735.31    24.25   -0.520   10.344  16.753  48.943
   79    4   769.72    21.49    0.204    9.568  15.917  49.843
   80    1   888.79    24.81    0.526    8.393  15.382  49.034
   81   11   480.19    20.72   -0.500    7.548  16.152  48.577
   82    3  1128.12    27.96    0.016    9.044  16.723  51.037
   83    4   769.72    21.49    0.054   10.052  17.434  51.938
   84    2  1586.37    35.05   -0.014    9.312  17.990  53.127
   85    2  1586.37    35.05   -0.014   11.129  16.483  52.389
   86    6     0.37     0.31    0.248   10.241  17.734  48.990
   87    8   735.31    24.25   -0.520    8.353  14.065  48.841
   88    4   769.72    21.49    0.227    7.276  13.431  48.081
   89    1   888.79    24.81    0.526    7.205  11.979  48.501
   90   11   480.19    20.72   -0.500    8.158  11.456  49.083
   91    3  1128.12    27.96    0.039    7.555  13.507  46.571
   92    3  1128.12    27.96    0.053    8.876  12.869  46.165
   93    3  1128.12    27.96    0.048    8.979  12.654  44.667
   94    3  1128.12    27.96    0.218    9.236  13.946  43.930
   95    9   725.70    20.26   -0.272    9.488  13.715  42.471
   96    6     0.37     0.31    0.248    9.021  13.472  49.238
   97    6     0.37     0.31    0.311   10.260  13.042  42.359
   98    6     0.37     0.31    0.311    8.625  13.328  42.021
   99    6     0.37     0.31    0.311    9.721  14.624  42.018
  100    8   735.31    24.25   -0.520    6.065  11.340  48.257
  101    4   769.72    21.49    0.248    5.915   9.929  48.595
  102    1   888.79    24.81    0.526    6.663   9.147  47.524
  103   11   480.19    20.72   -0.500    6.713   9.570  46.369
  104    3  1128.12    27.96    0.020    4.443   9.522  48.628
  105    1   888.79    24.81    0.046    3.660  10.234  49.692
  106    1   888.79    24.81    0.117    2.844  11.318  49.522
  107    1   888.79    24.81   -0.275    3.639   9.931  51.096
  108    8   735.31    24.25   -0.330    2.323  11.709  50.729
  109    1   888.79    24.81    0.000    2.791  10.877  51.712
  110    1   888.79    24.81    0.145    4.259   8.957  51.894
  111    1   888.79    24.81    0.029    2.544  10.880  53.089
  112    1   888.79    24.81   -0.082    4.015   8.964  53.268
  113    1   888.79    24.81    0.034    3.165   9.919  53.847
  114    6     0.37     0.31    0.248    5.330  11.824  47.822
  115    6     0.37     0.31    0.294    1.729  12.483  50.875
  116    8   735.31    24.25   -0.520    7.291   8.044  47.913
  117    4   769.72    21.49    0.292    8.036   7.248  46.951
  118    1   888.79    24.81    0.526    7.201   6.137  46.336
  119   11   480.19    20.72   -0.500    7.685   5.382  45.494
  120    3  1128.12    27.96    0.194    9.311   6.687  47.584
  121   12   500.18    19.68   -0.550    9.022   5.886  48.712
  122    6     0.37     0.31    0.248    7.260   7.735  48.850
  123    6     0.37     0.31    0.310    9.859   5.506  49.019
  124    8   735.31    24.25   -0.520    5.935   6.064  46.737
  125    4   769.72    21.49    0.227    5.004   5.063  46.231
  126    1   888.79    24.81    0.526    3.778   5.799  45.692
  127   11   480.19    20.72   -0.500    3.490   6.926  46.120
  128    3  1128.12    27.96    0.039    4.590   4.124  47.363
  129    3  1128.12    27.96    0.053    4.079   4.876  48.580
  130    3  1128.12    27.96    0.048    3.798   3.970  49.750
  131    3  1128.12    27.96    0.218    3.538   4.813  50.974
  132    9   725.70    20.26   -0.272    3.289   3.996  52.184
  133    6     0.37     0.31    0.248    5.573   6.719  47.366
  134    6     0.37     0.31    0.311    4.069   3.358  52.376
  135    6     0.37     0.31    0.311    3.169   4.682  52.967
  136    6     0.37     0.31    0.311    2.366   3.515  52.109
  137    8   735.31    24.25   -0.520    3.036   5.156  44.797
  138    4   769.72    21.49    0.137    1.853   5.776  44.209
  139    1   888.79    24.81    0.526    0.569   5.419  44.937
  140   11   480.19    20.72   -0.500   -0.453   6.074  44.755
  141    3  1128.12    27.96    0.037    1.711   5.395  42.730
  142    3  1128.12    27.96    0.090    2.752   6.005  41.804
  143   14  1831.79    40.48   -0.025    2.719   7.819  41.739
  144    2  1586.37    35.05    0.007    4.397   8.163  41.418
  145    6     0.37     0.31    0.248    3.274   4.234  44.562
  146    8   735.31    24.25   -0.520    0.606   4.343  45.715
  147    4   769.72    21.49    0.217   -0.574   3.916  46.460
  148    1   888.79    24.81    0.526   -0.438   4.387  47.893
  149   11   480.19    20.72   -0.500    0.475   3.962  48.604
  150    3  1128.12    27.96    0.003   -0.713   2.390  46.446
  151    1   888.79    24.81    0.675   -0.597   1.798  45.056
  152   11   480.19    20.72   -0.470   -1.204   2.281  44.098
  153    8   735.31    24.25   -0.867    0.185   0.736  44.940
  154    6     0.37     0.31    0.248    1.428   3.817  45.783
  155    6     0.37     0.31    0.344    0.206   0.310  44.056
  156    6     0.37     0.31    0.344    0.659   0.385  45.723
  157    8   735.31    24.25   -0.520   -1.313   5.298  48.307
  158    4   769.72    21.49    0.204   -1.285   5.812  49.668
  159    1   888.79    24.81    0.526   -2.579   5.453  50.378
  160   11   480.19    20.72   -0.500   -3.616   5.249  49.741
  161    3  1128.12    27.96    0.016   -1.099   7.338  49.700
  162    4   769.72    21.49    0.054    0.202   8.069  49.321
  163    2  1586.37    35.05   -0.014    1.428   7.283  49.753
  164    2  1586.37    35.05   -0.014    0.244   8.359  47.836
  165    6     0.37     0.31    0.248   -1.975   5.657  47.695
  166    8   735.31    24.25   -0.520   -2.517   5.381  51.697
  167    4   769.72    21.49    0.268   -3.685   5.061  52.495
  168    1   888.79    24.81    0.526   -3.990   6.248  53.398
  169   11   480.19    20.72   -0.500   -3.101   7.043  53.713
  170    4   769.72    21.49    0.211   -3.436   3.809  53.396
  171   12   500.18    19.68   -0.550   -2.262   4.012  54.201
  172    2  1586.37    35.05    0.007   -3.248   2.562  52.539
  173    6     0.37     0.31    0.248   -1.685   5.572  52.183
  174    6     0.37     0.31    0.310   -1.918   3.163  54.528
  175    8   735.31    24.25   -0.520   -5.248   6.393  53.779
  176    4   769.72    21.49    0.245   -5.619   7.463  54.698
  177    1   888.79    24.81    0.526   -6.600   6.887  55.704
  178   11   480.19    20.72   -0.500   -7.296   5.922  55.408
  179    3  1128.12    27.96    0.022   -6.201   8.675  53.962
  180    1   888.79    24.81   -0.001   -7.538   8.475  53.294
  181    1   888.79    24.81   -0.035   -8.725   8.820  53.948
  182    1   888.79    24.81   -0.035   -7.620   8.024  51.975
  183    1   888.79    24.81    0.100   -9.962   8.734  53.300
  184    1   888.79    24.81    0.100   -8.842   7.931  51.320
  185    1   888.79    24.81   -0.121  -10.008   8.289  51.983
  186   12   500.18    19.68   -0.368  -11.217   8.234  51.334
  187    6     0.37     0.31    0.248   -5.946   5.780  53.466
  188    6     0.37     0.31    0.339  -11.080   8.002  50.398
  189    8   735.31    24.25   -0.520   -6.605   7.426  56.914
  190    4   769.72    21.49    0.237   -7.512   6.951  57.953
  191    1   888.79    24.81    0.526   -8.168   8.152  58.614
  192   11   480.19    20.72   -0.500   -7.491   9.138  58.905
  193    3  1128.12    27.96    0.049   -6.727   6.156  59.011
  194    3  1128.12    27.96    0.058   -7.565   5.742  60.210
  195    3  1128.12    27.96    0.111   -6.725   5.234  61.364
  196    8   735.31    24.25   -0.493   -7.527   5.107  62.584
  197    1   888.79    24.81    0.813   -7.036   4.748  63.770
  198    8   735.31    24.25   -0.635   -5.743   4.467  63.900
  199    8   735.31    24.25   -0.634   -7.838   4.683  64.827
  200    6     0.37     0.31    0.248   -6.012   8.188  57.100
  201    6     0.37     0.31    0.294   -8.502   5.255  62.501
  202    6     0.37     0.31    0.361   -5.096   4.467  63.130
  203    6     0.37     0.31    0.362   -5.423   4.163  64.816
  204    6     0.37     0.31    0.361   -8.824   4.899  64.813
  205    6     0.37     0.31    0.362   -7.455   4.369  65.715
  206    8   735.31    24.25   -0.520   -9.490   8.111  58.761
  207    4   769.72    21.49    0.199  -10.213   9.192  59.446
  208    1   888.79    24.81    0.526  -10.295   8.735  60.910
  209   11   480.19    20.72   -0.500  -11.127   7.887  61.267
  210    4   769.72    21.49    0.030  -11.625   9.417  58.857
  211    3  1128.12    27.96    0.017  -11.525   9.643  57.338
  212    2  1586.37    35.05    0.001  -12.308  10.617  59.557
  213    2  1586.37    35.05   -0.001  -12.858   9.661  56.625
  214    6     0.37     0.31    0.248   -9.986   7.362  58.371
  215    8   735.31    24.25   -0.520   -9.353   9.216  61.708
  216    4   769.72    21.49    0.201   -9.218   8.867  63.125
  217    1   888.79    24.81    0.526  -10.446   9.194  63.977
  218   11   480.19    20.72   -0.500  -10.870   8.386  64.811
  219    4   769.72    21.49    0.033   -7.947   9.521  63.745
  220    2  1586.37    35.05    0.006   -7.762   9.085  65.190
  221    2  1586.37    35.05    0.006   -6.719   9.141  62.936
  222    6     0.37     0.31    0.248   -8.722   9.860  61.317
  223    8   735.31    24.25   -0.520  -10.990  10.393  63.801
  224    4   769.72    21.49    0.217  -12.171  10.807  64.542
  225    1   888.79    24.81    0.526  -12.990  11.753  63.678
  226   11   480.19    20.72   -0.500  -12.571  12.107  62.564
  227    3  1128.12    27.96    0.003  -11.797  11.440  65.884
  228    1   888.79    24.81    0.675  -10.805  12.579  65.742
  229   11   480.19    20.72   -0.470  -10.660  13.168  64.673
  230    8   735.31    24.25   -0.867  -10.103  12.883  66.825
  231    6     0.37     0.31    0.248  -10.635  11.034  63.147
  232    6     0.37     0.31    0.344   -9.489  13.643  66.776
  233    6     0.37     0.31    0.344  -10.237  12.338  67.646
  234    8   735.31    24.25   -0.520  -14.159  12.144  64.172
  235    4   769.72    21.49    0.245  -15.061  12.989  63.405
  236    1   888.79    24.81    0.526  -15.516  14.262  64.098
  237   11   480.19    20.72   -0.500  -15.580  14.334  65.327
  238    3  1128.12    27.96    0.022  -16.292  12.176  62.986
  239    1   888.79    24.81   -0.001  -16.013  11.080  61.971
  240    1   888.79    24.81   -0.035  -15.216   9.977  62.300
  241    1   888.79    24.81   -0.035  -16.569  11.132  60.688
  242    1   888.79    24.81    0.100  -14.982   8.944  61.373
  243    1   888.79    24.81    0.100  -16.342  10.102  59.758
  244    1   888.79    24.81   -0.121  -15.550   9.015  60.112
  245   12   500.18    19.68   -0.368  -15.346   7.984  59.221
  246    6     0.37     0.31    0.248  -14.415  11.880  65.073
  247    6     0.37     0.31    0.339  -14.720   7.343  59.561
  248    8   735.31    24.25   -0.520  -15.880  15.242  63.283
  249    4   769.72    21.49    0.268  -16.353  16.521  63.776
  250    1   888.79    24.81    0.526  -17.815  16.399  64.187
  251   11   480.19    20.72   -0.500  -18.559  15.585  63.636
  252    4   769.72    21.49    0.211  -16.216  17.615  62.682
  253   12   500.18    19.68   -0.550  -16.857  18.823  63.117
  254    2  1586.37    35.05    0.007  -16.847  17.151  61.362
  255    6     0.37     0.31    0.248  -15.821  15.093  62.318
  256    6     0.37     0.31    0.310  -16.229  19.440  63.565
  257    8   735.31    24.25   -0.257  -18.239  17.179  65.192
  258    4   769.72    21.49    0.112  -19.634  17.117  65.623
  259    1   888.79    24.81    0.526  -20.565  17.714  64.558
  260   11   480.19    20.72   -0.500  -21.715  17.287  64.413
  261    3  1128.12    27.96   -0.001  -19.635  17.991  66.881
  262    3  1128.12    27.96    0.036  -18.232  17.874  67.386
  263    3  1128.12    27.96    0.084  -17.439  17.989  66.128
  264    8   735.31    24.25   -0.520  -20.024  18.631  63.755
  265    4   769.72    21.49    0.246  -20.789  19.365  62.744
  266    1   888.79    24.81    0.526  -21.447  18.662  61.563
  267   11   480.19    20.72   -0.500  -22.438  19.164  61.030
  268    3  1128.12    27.96   -0.208  -19.936  20.510  62.186
  269    1   888.79    24.81    0.620  -19.571  21.535  63.230
  270   11   480.19    20.72   -0.706  -20.447  21.908  64.033
  271   11   480.19    20.72   -0.706  -18.408  21.981  63.233
  272    6     0.37     0.31    0.248  -19.073  18.883  63.839
  273    8   735.31    24.25   -0.520  -20.898  17.522  61.141
  274    4   769.72    21.49    0.137  -21.407  16.799  59.969
  275    1   888.79    24.81    0.526  -21.575  15.315  60.273
  276   11   480.19    20.72   -0.500  -21.052  14.821  61.284
  277    3  1128.12    27.96    0.037  -20.397  16.953  58.808
  278    3  1128.12    27.96    0.090  -20.160  18.401  58.345
  279   14  1831.79    40.48   -0.025  -18.594  18.713  57.435
  280    2  1586.37    35.05    0.007  -18.959  17.874  55.865
  281    6     0.37     0.31    0.248  -20.144  17.148  61.634
  282    8   735.31    24.25   -0.520  -22.315  14.607  59.422
  283    4   769.72    21.49    0.268  -22.501  13.163  59.594
  284    1   888.79    24.81    0.526  -21.217  12.446  59.149
  285   11   480.19    20.72   -0.500  -20.409  12.998  58.383
  286    4   769.72    21.49    0.211  -23.664  12.611  58.740
  287   12   500.18    19.68   -0.550  -23.342  12.734  57.349
  288    2  1586.37    35.05    0.007  -24.965  13.349  59.041
  289    6     0.37     0.31    0.248  -22.704  15.039  58.630
  290    6     0.37     0.31    0.310  -24.152  12.608  56.831
  291    8   735.31    24.25   -0.520  -21.038  11.210  59.596
  292    4   769.72    21.49    0.195  -19.855  10.445  59.207
  293    1   888.79    24.81    0.526  -19.781  10.374  57.686
  294   11   480.19    20.72   -0.500  -18.728  10.623  57.107
  295    3  1128.12    27.96    0.211  -19.880   9.019  59.777
  296    1   888.79    24.81    0.103  -19.733   8.947  61.270
  297    8   735.31    24.25   -0.613  -19.900   7.768  61.969
  298    1   888.79    24.81    0.353  -19.468   9.895  62.197
  299    1   888.79    24.81    0.719  -19.748   7.998  63.260
  300    8   735.31    24.25   -0.686  -19.486   9.280  63.428
  301    6     0.37     0.31    0.248  -21.732  10.807  60.153
  302    6     0.37     0.31    0.478  -20.028   6.876  61.547
  303    6     0.37     0.31    0.486  -19.290   9.644  64.327
  304    8   735.31    24.25   -0.520  -20.908  10.085  57.034
  305    4   769.72    21.49    0.292  -20.908   9.980  55.577
  306    1   888.79    24.81    0.526  -20.562  11.294  54.869
  307   11   480.19    20.72   -0.500  -19.898  11.272  53.831
  308    3  1128.12    27.96    0.194  -22.215   9.386  55.045
  309   12   500.18    19.68   -0.550  -23.340  10.087  55.534
  310    6     0.37     0.31    0.248  -21.743   9.936  57.511
  311    6     0.37     0.31    0.310  -23.328  11.005  55.230
  312    8   735.31    24.25   -0.520  -21.012  12.424  55.420
  313    4   769.72    21.49    0.246  -20.688  13.725  54.828
  314    1   888.79    24.81    0.526  -19.173  13.934  54.877
  315   11   480.19    20.72   -0.500  -18.553  14.321  53.889
  316    3  1128.12    27.96    0.000  -21.388  14.862  55.576
  317    3  1128.12    27.96   -0.208  -22.843  15.051  55.201
  318    1   888.79    24.81    0.620  -23.527  16.132  56.021
  319   11   480.19    20.72   -0.706  -23.346  16.167  57.259
  320   11   480.19    20.72   -0.706  -24.270  16.945  55.429
  321    6     0.37     0.31    0.248  -21.562  12.450  56.238
  322    8   735.31    24.25   -0.520  -18.578  13.657  56.031
  323    4   769.72    21.49    0.201  -17.145  13.807  56.210
  324    1   888.79    24.81    0.526  -16.389  12.869  55.264
  325   11   480.19    20.72   -0.500  -15.461  13.281  54.573
  326    4   769.72    21.49    0.033  -16.749  13.516  57.672
  327    2  1586.37    35.05    0.006  -15.228  13.559  57.838
  328    2  1586.37    35.05    0.006  -17.428  14.516  58.609
  329    6     0.37     0.31    0.248  -19.121  13.336  56.787
  330    8   735.31    24.25   -0.520  -16.804  11.606  55.225
  331    4   769.72    21.49    0.246  -16.175  10.611  54.366
  332    1   888.79    24.81    0.526  -16.259  11.009  52.889
  333   11   480.19    20.72   -0.500  -15.304  10.829  52.127
  334    3  1128.12    27.96    0.000  -16.832   9.250  54.613
  335    3  1128.12    27.96   -0.208  -16.586   8.729  56.030
  336    1   888.79    24.81    0.620  -17.636   7.737  56.535
  337   11   480.19    20.72   -0.706  -17.481   7.271  57.685
  338   11   480.19    20.72   -0.706  -18.611   7.422  55.810
  339    6     0.37     0.31    0.248  -17.527  11.306  55.812
  340    8   735.31    24.25   -0.520  -17.388  11.586  52.495
  341    4   769.72    21.49    0.227  -17.594  12.021  51.119
  342    1   888.79    24.81    0.526  -16.722  13.226  50.784
  343   11   480.19    20.72   -0.500  -16.125  13.292  49.694
  344    3  1128.12    27.96    0.039  -19.074  12.324  50.877
  345    3  1128.12    27.96    0.053  -19.924  11.106  50.440
  346    3  1128.12    27.96    0.048  -19.395   9.750  50.980
  347    3  1128.12    27.96    0.218  -18.341   9.106  50.050
  348    9   725.70    20.26   -0.272  -17.634   7.949  50.685
  349    6     0.37     0.31    0.248  -18.099  11.721  53.157
  350    6     0.37     0.31    0.311  -18.338   7.268  51.047
  351    6     0.37     0.31    0.311  -16.933   7.511  50.073
  352    6     0.37     0.31    0.311  -17.148   8.261  51.546
  353    8   735.31    24.25   -0.520  -16.633  14.155  51.735
  354    4   769.72    21.49    0.215  -15.821  15.356  51.568
  355    1   888.79    24.81    0.526  -14.368  14.951  51.357
  356   11   480.19    20.72   -0.500  -13.726  15.415  50.413
  357    2  1586.37    35.05    0.031  -15.950  16.272  52.792
  358    6     0.37     0.31    0.248  -17.128  14.046  52.573
  359    8   735.31    24.25   -0.520  -13.870  14.040  52.188
  360    4   769.72    21.49    0.214  -12.482  13.590  52.071
  361    1   888.79    24.81    0.526  -12.217  12.785  50.803
  362   11   480.19    20.72   -0.500  -11.177  12.949  50.169
  363    3  1128.12    27.96    0.038  -12.051  12.803  53.309
  364    1   888.79    24.81    0.011  -11.909  13.648  54.545
  365    1   888.79    24.81   -0.011  -11.570  14.998  54.452
  366    1   888.79    24.81   -0.011  -12.122  13.097  55.803
  367    1   888.79    24.81    0.004  -11.447  15.786  55.599
  368    1   888.79    24.81    0.004  -12.001  13.872  56.954
  369    1   888.79    24.81   -0.003  -11.663  15.222  56.849
  370    6     0.37     0.31    0.248  -14.435  13.670  52.898
  371    8   735.31    24.25   -0.520  -13.162  11.928  50.431
  372    4   769.72    21.49    0.227  -13.033  11.126  49.222
  373    1   888.79    24.81    0.526  -12.902  12.047  47.998
  374   11   480.19    20.72   -0.500  -12.004  11.879  47.162
  375    3  1128.12    27.96    0.039  -14.248  10.209  49.074
  376    3  1128.12    27.96    0.053  -14.171   9.273  47.885
  377    3  1128.12    27.96    0.048  -15.395   8.374  47.790
  378    3  1128.12    27.96    0.218  -15.196   7.337  46.695
  379    9   725.70    20.26   -0.272  -16.291   6.326  46.600
  380    6     0.37     0.31    0.248  -13.961  11.845  50.996
  381    6     0.37     0.31    0.311  -17.214   6.750  46.379
  382    6     0.37     0.31    0.311  -16.040   5.715  45.794
  383    6     0.37     0.31    0.311  -16.321   5.718  47.439
  384    8   735.31    24.25   -0.520  -13.776  13.049  47.924
  385    4   769.72    21.49    0.227  -13.776  14.014  46.826
  386    1   888.79    24.81    0.526  -12.474  14.824  46.849
  387   11   480.19    20.72   -0.500  -11.868  15.074  45.800
  388    3  1128.12    27.96    0.039  -14.989  14.936  46.958
  389    3  1128.12    27.96    0.053  -15.294  15.814  45.742
  390    3  1128.12    27.96    0.048  -16.578  16.612  45.995
  391    3  1128.12    27.96    0.218  -17.066  17.360  44.765
  392    9   725.70    20.26   -0.272  -16.145  18.462  44.385
  393    6     0.37     0.31    0.248  -14.442  13.160  48.638
  394    6     0.37     0.31    0.311  -16.037  19.084  45.208
  395    6     0.37     0.31    0.311  -15.223  18.065  44.098
  396    6     0.37     0.31    0.311  -16.571  18.984  43.595
  397    8   735.31    24.25   -0.520  -12.028  15.187  48.046
  398    4   769.72    21.49    0.215  -10.798  15.950  48.212
  399    1   888.79    24.81    0.526   -9.578  15.180  47.688
  400   11   480.19    20.72   -0.500   -8.679  15.771  47.082
  401    2  1586.37    35.05    0.031  -10.613  16.338  49.660
  402    6     0.37     0.31    0.248  -12.536  14.957  48.852
  403    8   735.31    24.25   -0.520   -9.544  13.865  47.909
  404    4   769.72    21.49    0.214   -8.436  13.051  47.404
  405    1   888.79    24.81    0.526   -8.542  12.867  45.889
  406   11   480.19    20.72   -0.500   -7.520  12.872  45.183
  407    3  1128.12    27.96    0.038   -8.386  11.684  48.089
  408    1   888.79    24.81    0.011   -7.718  11.710  49.417
  409    1   888.79    24.81   -0.011   -6.379  12.069  49.527
  410    1   888.79    24.81   -0.011   -8.431  11.418  50.569
  411    1   888.79    24.81    0.004   -5.758  12.140  50.763
  412    1   888.79    24.81    0.004   -7.819  11.488  51.820
  413    1   888.79    24.81   -0.003   -6.477  11.850  51.916
  414    6     0.37     0.31    0.248  -10.236  13.431  48.450
  415    8   735.31    24.25   -0.520   -9.770  12.719  45.389
  416    4   769.72    21.49    0.227  -10.003  12.538  43.961
  417    1   888.79    24.81    0.526   -9.471  13.721  43.154
  418   11   480.19    20.72   -0.500   -9.050  13.574  42.009
  419    3  1128.12    27.96    0.039  -11.489  12.331  43.675
  420    3  1128.12    27.96    0.053  -11.770  12.042  42.212
  421    3  1128.12    27.96    0.048  -13.224  11.697  41.966
  422    3  1128.12    27.96    0.218  -13.519  11.653  40.463
  423    9   725.70    20.26   -0.272  -12.505  10.823  39.744
  424    6     0.37     0.31    0.248  -10.531  12.720  46.006
  425    6     0.37     0.31    0.311  -11.548  11.201  39.966
  426    6     0.37     0.31    0.311  -12.492   9.826  40.019
  427    6     0.37     0.31    0.311  -12.554  10.953  38.721
  428    8   735.31    24.25   -0.520   -9.501  14.905  43.762
  429    4   769.72    21.49    0.201   -8.984  16.112  43.125
  430    1   888.79    24.81    0.526   -7.536  15.875  42.634
  431   11   480.19    20.72   -0.500   -7.179  16.205  41.499
  432    4   769.72    21.49    0.033   -9.012  17.287  44.145
  433    2  1586.37    35.05    0.006   -8.080  18.400  43.726
  434    2  1586.37    35.05    0.006  -10.433  17.810  44.295
  435    6     0.37     0.31    0.248   -9.903  14.972  44.653
  436    8   735.31    24.25   -0.520   -6.730  15.264  43.494
  437    4   769.72    21.49    0.248   -5.338  14.981  43.196
  438    1   888.79    24.81    0.526   -5.089  13.688  42.410
  439   11   480.19    20.72   -0.500   -4.245  13.666  41.508
  440    3  1128.12    27.96    0.020   -4.538  14.988  44.493
  441    1   888.79    24.81    0.046   -4.712  16.268  45.269
  442    1   888.79    24.81    0.117   -5.431  16.445  46.430
  443    1   888.79    24.81   -0.275   -4.157  17.548  44.942
  444    8   735.31    24.25   -0.330   -5.348  17.755  46.837
  445    1   888.79    24.81    0.000   -4.572  18.455  45.951
  446    1   888.79    24.81    0.145   -3.344  18.020  43.899
  447    1   888.79    24.81    0.029   -4.199  19.805  45.945
  448    1   888.79    24.81   -0.082   -2.973  19.368  43.895
  449    1   888.79    24.81    0.034   -3.401  20.242  44.913
  450    6     0.37     0.31    0.248   -7.078  14.987  44.372
  451    6     0.37     0.31    0.294   -5.767  18.133  47.648
  452    8   735.31    24.25   -0.520   -5.808  12.615  42.727
  453    4   769.72    21.49    0.292   -5.603  11.361  41.996
  454    1   888.79    24.81    0.526   -5.997  11.508  40.526
  455   11   480.19    20.72   -0.500   -5.430  10.853  39.656
  456    3  1128.12    27.96    0.194   -6.393  10.216  42.633
  457   12   500.18    19.68   -0.550   -7.775  10.504  42.663
  458    6     0.37     0.31    0.248   -6.491  12.648  43.435
  459    6     0.37     0.31    0.310   -8.124  10.641  41.756
  460    8   735.31    24.25   -0.520   -6.974  12.367  40.258
  461    4   769.72    21.49    0.246   -7.439  12.601  38.895
  462    1   888.79    24.81    0.526   -6.386  13.170  37.957
  463   11   480.19    20.72   -0.500   -6.516  13.044  36.742
  464    3  1128.12    27.96   -0.208   -8.632  13.562  38.887
  465    1   888.79    24.81    0.620   -9.949  12.873  39.157
  466   11   480.19    20.72   -0.706  -10.976  13.577  39.209
  467   11   480.19    20.72   -0.706   -9.983  11.632  39.302
  468    6     0.37     0.31    0.248   -7.473  12.825  40.967
  469    8   735.31    24.25   -0.520   -5.365  13.825  38.509
  470    4   769.72    21.49    0.201   -4.334  14.454  37.671
  471    1   888.79    24.81    0.526   -2.914  13.916  37.849
  472   11   480.19    20.72   -0.500   -1.947  14.530  37.391
  473    4   769.72    21.49    0.033   -4.327  16.010  37.887
  474    2  1586.37    35.05    0.006   -5.673  16.614  37.454
  475    2  1586.37    35.05    0.006   -4.028  16.351  39.355
  476    6     0.37     0.31    0.248   -5.308  13.870  39.485
  477    8   735.31    24.25   -0.520   -2.798  12.751  38.485
  478    4   769.72    21.49    0.268   -1.511  12.111  38.769
  479    1   888.79    24.81    0.526   -1.758  10.593  38.772
  480   11   480.19    20.72   -0.500   -2.879  10.150  38.521
  481    4   769.72    21.49    0.211   -1.041  12.444  40.211
  482   12   500.18    19.68   -0.550   -1.990  11.911  41.149
  483    2  1586.37    35.05    0.007   -0.888  13.946  40.441
  484    6     0.37     0.31    0.248   -3.600  12.245  38.737
  485    6     0.37     0.31    0.310   -2.775  12.469  41.132
  486    8   735.31    24.25   -0.257   -0.706   9.784  39.002
  487    4   769.72    21.49    0.112   -0.883   8.324  39.042
  488    1   888.79    24.81    0.526   -1.142   7.848  40.499
  489   11   480.19    20.72   -0.500   -1.084   6.654  40.802
  490    3  1128.12    27.96   -0.001    0.450   7.802  38.499
  491    3  1128.12    27.96    0.036    1.427   8.808  38.988
  492    3  1128.12    27.96    0.084    0.717  10.140  38.840
  493    8   735.31    24.25   -0.520   -1.412   8.799  41.386
  494    4   769.72    21.49    0.204   -1.665   8.531  42.802
  495    1   888.79    24.81    0.526   -2.967   7.774  43.037
  496   11   480.19    20.72   -0.500   -3.971   8.031  42.378
  497    3  1128.12    27.96    0.016   -1.721   9.852  43.564
  498    4   769.72    21.49    0.054   -0.517  10.384  44.341
  499    2  1586.37    35.05   -0.014    0.782   9.665  44.036
  500    2  1586.37    35.05   -0.014   -0.429  11.882  44.097
  501    6     0.37     0.31    0.248   -1.462   9.733  41.106
  502    8   735.31    24.25   -0.520   -2.959   6.873  44.017
  503    4   769.72    21.49    0.217   -4.141   6.082  44.344
  504    1   888.79    24.81    0.526   -4.348   6.142  45.851
  505   11   480.19    20.72   -0.500   -3.398   5.967  46.612
  506    3  1128.12    27.96    0.003   -3.955   4.632  43.898
  507    1   888.79    24.81    0.675   -3.609   4.520  42.429
  508   11   480.19    20.72   -0.470   -4.491   4.521  41.562
  509    8   735.31    24.25   -0.867   -2.315   4.447  42.133
  510    6     0.37     0.31    0.248   -2.154   6.754  44.558
  511    6     0.37     0.31    0.344   -2.000   4.460  41.209
  512    6     0.37     0.31    0.344   -1.691   4.419  42.890
  513    8   735.31    24.25   -0.520   -5.583   6.405  46.275
  514    4   769.72    21.49    0.214   -5.903   6.513  47.703
  515    1   888.79    24.81    0.526   -6.901   5.480  48.199
  516   11   480.19    20.72   -0.500   -7.996   5.351  47.657
  517    3  1128.12    27.96    0.038   -6.425   7.925  48.030
  518    1   888.79    24.81    0.011   -5.445   9.006  47.719
  519    1   888.79    24.81   -0.011   -4.414   9.303  48.608
  520    1   888.79    24.81   -0.011   -5.505   9.687  46.502
  521    1   888.79    24.81    0.004   -3.447  10.258  48.284
  522    1   888.79    24.81    0.004   -4.545  10.640  46.174
  523    1   888.79    24.81   -0.003   -3.514  10.923  47.064
  524    6     0.37     0.31    0.248   -6.312   6.523  45.631
  525    8   735.31    24.25   -0.520   -6.520   4.761  49.249
  526    4   769.72    21.49    0.268   -7.383   3.745  49.841
  527    1   888.79    24.81    0.526   -7.622   4.123  51.295
  528   11   480.19    20.72   -0.500   -6.691   4.482  52.020
  529    4   769.72    21.49    0.211   -6.726   2.345  49.810
  530   12   500.18    19.68   -0.550   -6.269   2.055  48.486
  531    2  1586.37    35.05    0.007   -7.723   1.281  50.225
  532    6     0.37     0.31    0.248   -5.638   4.919  49.652
  533    6     0.37     0.31    0.310   -5.458   2.566  48.320
  534    8   735.31    24.25   -0.520   -8.878   4.068  51.712
  535    4   769.72    21.49    0.237   -9.221   4.387  53.083
  536    1   888.79    24.81    0.526   -9.062   3.174  54.007
  537   11   480.19    20.72   -0.500   -9.488   2.059  53.683
  538    3  1128.12    27.96    0.049  -10.648   4.915  53.156
  539    3  1128.12    27.96    0.058  -11.082   5.303  54.541
  540    3  1128.12    27.96    0.111  -12.540   5.662  54.540
  541    8   735.31    24.25   -0.493  -13.102   5.533  55.874
  542    1   888.79    24.81    0.813  -14.381   5.306  56.133
  543    8   735.31    24.25   -0.635  -14.786   5.196  57.392
  544    8   735.31    24.25   -0.634  -15.258   5.238  55.138
  545    6     0.37     0.31    0.248   -9.590   3.823  51.081
  546    6     0.37     0.31    0.294  -12.482   5.698  56.619
  547    6     0.37     0.31    0.361  -14.154   5.335  58.166
  548    6     0.37     0.31    0.362  -15.767   5.101  57.614
  549    6     0.37     0.31    0.361  -14.989   5.426  54.187
  550    6     0.37     0.31    0.362  -16.241   5.132  55.311
  551    8   735.31    24.25   -0.520   -8.432   3.412  55.148
  552    4   769.72    21.49    0.204   -8.204   2.399  56.169
  553    1   888.79    24.81    0.526   -9.177   2.724  57.302
  554   11   480.19    20.72   -0.500   -9.367   3.893  57.645
  555    3  1128.12    27.96    0.016   -6.762   2.498  56.659
  556    4   769.72    21.49    0.054   -5.800   1.352  56.368
  557    2  1586.37    35.05   -0.014   -6.082   0.712  55.022
  558    2  1586.37    35.05   -0.014   -4.368   1.862  56.475
  559    6     0.37     0.31    0.248   -8.149   4.321  55.345
  560    8   735.31    24.25   -0.520   -9.828   1.708  57.860
  561    4   769.72    21.49    0.195  -10.788   1.948  58.938
  562    1   888.79    24.81    0.526  -10.147   2.051  60.312
  563   11   480.19    20.72   -0.500  -10.773   2.519  61.266
  564    3  1128.12    27.96    0.211  -11.886   0.884  58.923
  565    1   888.79    24.81    0.103  -12.839   1.032  57.777
  566    8   735.31    24.25   -0.613  -14.075   0.421  57.750
  567    1   888.79    24.81    0.353  -12.734   1.716  56.612
  568    1   888.79    24.81    0.719  -14.688   0.721  56.618
  569    8   735.31    24.25   -0.686  -13.895   1.505  55.910
  570    6     0.37     0.31    0.248   -9.639   0.780  57.582
  571    6     0.37     0.31    0.478  -14.413  -0.185  58.451
  572    6     0.37     0.31    0.486  -14.054   1.800  54.977
  573    8   735.31    24.25   -0.520   -8.885   1.657  60.388
  574    4   769.72    21.49    0.246   -8.121   1.688  61.624
  575    1   888.79    24.81    0.526   -6.673   1.418  61.274
  576   11   480.19    20.72   -0.500   -6.328   1.279  60.097
  577    3  1128.12    27.96   -0.208   -8.625   0.618  62.592
  578    1   888.79    24.81    0.620   -8.854  -0.706  61.914
  579   11   480.19    20.72   -0.706  -10.027  -1.119  61.829
  580   11   480.19    20.72   -0.706   -7.877  -1.318  61.431
  581    6     0.37     0.31    0.248   -8.404   1.303  59.610
  582    8   735.31    24.25   -0.520   -5.826   1.361  62.298
  583    4   769.72    21.49    0.246   -4.418   1.094  62.083
  584    1   888.79    24.81    0.526   -3.613   2.271  61.563
  585   11   480.19    20.72   -0.500   -4.048   3.429  61.636
  586    6     0.37     0.31    0.248   -6.170   1.492  63.212
  587    8   735.31    24.25   -0.520   -2.436   1.965  61.032
  588    4   769.72    21.49    0.199   -1.523   2.971  60.518
  589    1   888.79    24.81    0.526   -1.712   3.240  59.027
  590   11   480.19    20.72   -0.500   -1.569   2.341  58.191
  591    4   769.72    21.49    0.030   -0.064   2.560  60.785
  592    3  1128.12    27.96    0.017    0.127   2.268  62.271
  593    2  1586.37    35.05    0.001    0.897   3.667  60.352
  594    2  1586.37    35.05   -0.001   -0.159   3.446  63.154
  595    6     0.37     0.31    0.248   -2.178   1.018  60.952
  596    8   735.31    24.25   -0.520   -2.048   4.486  58.704
  597    4   769.72    21.49    0.215   -2.255   4.902  57.322
  598    1   888.79    24.81    0.526   -1.190   5.927  57.016
  599   11   480.19    20.72   -0.500   -0.582   6.487  57.934
  600    2  1586.37    35.05    0.031   -3.635   5.519  57.152
  601    6     0.37     0.31    0.248   -2.142   5.171  59.398
  602    8   735.31    24.25   -0.520   -0.956   6.172  55.731
  603    4   769.72    21.49    0.246    0.042   7.150  55.328
  604    1   888.79    24.81    0.526   -0.386   8.541  55.742
  605   11   480.19    20.72   -0.500    0.425   9.342  56.199
  606    3  1128.12    27.96   -0.208    0.253   7.112  53.814
  607    1   888.79    24.81    0.620    0.828   5.795  53.343
  608   11   480.19    20.72   -0.706    1.893   5.399  53.859
  609   11   480.19    20.72   -0.706    0.222   5.152  52.464
  610    6     0.37     0.31    0.248   -1.437   5.673  55.029
  611    8   735.31    24.25   -0.520   -1.672   8.821  55.578
  612    4   769.72    21.49    0.199   -2.232  10.121  55.914
  613    1   888.79    24.81    0.526   -3.298   9.940  57.000
  614   11   480.19    20.72   -0.500   -4.379   9.408  56.743
  615    4   769.72    21.49    0.030   -2.816  10.782  54.639
  616    3  1128.12    27.96    0.017   -1.677  11.016  53.633
  617    2  1586.37    35.05    0.001   -3.562  12.076  54.975
  618    2  1586.37    35.05   -0.001   -2.126  11.390  52.239
  619    6     0.37     0.31    0.248   -2.254   8.129  55.207
  620    8   735.31    24.25   -0.520   -2.915  10.248  58.235
  621    4   769.72    21.49    0.137   -3.808  10.145  59.384
  622    1   888.79    24.81    0.526   -4.526  11.486  59.510
  623   11   480.19    20.72   -0.500   -3.881  12.535  59.637
  624    3  1128.12    27.96    0.037   -3.012   9.846  60.656
  625    3  1128.12    27.96    0.090   -2.184   8.553  60.599
  626   14  1831.79    40.48   -0.025   -3.163   7.011  60.675
  627    2  1586.37    35.05    0.007   -3.371   6.861  62.451
  628    6     0.37     0.31    0.248   -1.999  10.567  58.415
  629    8   735.31    24.25   -0.520   -5.853  11.431  59.437
  630    4   769.72    21.49    0.199   -6.724  12.605  59.504
  631    1   888.79    24.81    0.526   -7.463  12.667  60.850
  632   11   480.19    20.72   -0.500   -8.106  11.696  61.263
  633    4   769.72    21.49    0.030   -7.788  12.542  58.377
  634    3  1128.12    27.96    0.017   -7.107  12.377  57.015
  635    2  1586.37    35.05    0.001   -8.671  13.785  58.387
  636    2  1586.37    35.05   -0.001   -8.041  11.899  55.934
  637    6     0.37     0.31    0.248   -6.286  10.556  59.359
  638    8   735.31    24.25   -0.520   -7.423  13.827  61.502
  639    4   769.72    21.49    0.292   -8.115  13.987  62.775
  640    1   888.79    24.81    0.526   -8.609  15.413  62.997
  641   11   480.19    20.72   -0.500   -8.152  16.349  62.342
  642    3  1128.12    27.96    0.194   -7.213  13.562  63.936
  643   12   500.18    19.68   -0.550   -6.030  14.328  63.982
  644    6     0.37     0.31    0.248   -6.936  14.596  61.132
  645    6     0.37     0.31    0.310   -5.558  14.149  63.160
  646    8   735.31    24.25   -0.520   -9.570  15.537  63.905
  647    4   769.72    21.49    0.214  -10.172  16.802  64.311
  648    1   888.79    24.81    0.526   -9.827  16.961  65.783
  649   11   480.19    20.72   -0.500  -10.058  16.040  66.577
  650    3  1128.12    27.96    0.038  -11.690  16.730  64.182
  651    1   888.79    24.81    0.011  -12.172  16.679  62.770
  652    1   888.79    24.81   -0.011  -12.347  15.458  62.119
  653    1   888.79    24.81   -0.011  -12.489  17.856  62.095
  654    1   888.79    24.81    0.004  -12.832  15.407  60.821
  655    1   888.79    24.81    0.004  -12.977  17.814  60.795
  656    1   888.79    24.81   -0.003  -13.151  16.586  60.157
  657    6     0.37     0.31    0.248   -9.912  14.752  64.350
  658    8   735.31    24.25   -0.520   -9.259  18.106  66.143
  659    4   769.72    21.49    0.246   -8.890  18.358  67.523
  660    1   888.79    24.81    0.526   -8.867  19.851  67.778
  661   11   480.19    20.72   -0.500   -9.082  20.637  66.856
  662    6     0.37     0.31    0.248   -9.113  18.812  65.476
  663    8   735.31    24.25   -0.520   -8.634  20.247  69.023
  664    4   769.72    21.49    0.199   -8.586  21.659  69.378
  665    1   888.79    24.81    0.526   -7.361  21.937  70.214
  666   11   480.19    20.72   -0.500   -6.756  21.019  70.777
  667    4   769.72    21.49    0.030   -9.848  22.117  70.165
  668    3  1128.12    27.96    0.017   -9.960  21.380  71.505
  669    2  1586.37    35.05    0.001  -11.093  21.901  69.337
  670    2  1586.37    35.05   -0.001  -11.136  21.830  72.342
  671    6     0.37     0.31    0.248   -8.449  19.573  69.709
  672    8   735.31    24.25   -0.520   -6.964  23.205  70.235
  673    4   769.72    21.49    0.227   -5.818  23.659  71.019
  674    1   888.79    24.81    0.526   -4.606  22.726  70.881
  675   11   480.19    20.72   -0.500   -4.202  22.400  69.759
  676    3  1128.12    27.96    0.039   -6.247  23.807  72.481
  677    3  1128.12    27.96    0.053   -7.481  24.666  72.666
  678    3  1128.12    27.96    0.048   -7.222  26.089  72.223
  679    3  1128.12    27.96    0.218   -8.470  26.937  72.350
  680    9   725.70    20.26   -0.272   -9.458  26.516  71.324
  681    6     0.37     0.31    0.248   -7.463  23.825  69.666
  682    6     0.37     0.31    0.311   -9.061  26.567  70.362
  683    6     0.37     0.31    0.311   -9.805  25.543  71.425
  684    6     0.37     0.31    0.311  -10.348  27.058  71.321
  685    8   735.31    24.25   -0.520   -4.011  22.319  72.000
  686    4   769.72    21.49    0.246   -2.866  21.406  71.967
  687    1   888.79    24.81    0.526   -3.416  20.021  71.642
  688   11   480.19    20.72   -0.500   -4.263  19.491  72.369
  689    3  1128.12    27.96    0.000   -2.135  21.399  73.316
  690    3  1128.12    27.96   -0.208   -1.412  22.706  73.648
  691    1   888.79    24.81    0.620   -0.107  22.900  72.883
  692   11   480.19    20.72   -0.706    0.201  22.117  71.957
  693   11   480.19    20.72   -0.706    0.637  23.840  73.220
  694    6     0.37     0.31    0.248   -4.293  22.576  72.900
  695    8   735.31    24.25   -0.520   -2.924  19.424  70.564
  696    4   769.72    21.49    0.219   -3.443  18.124  70.150
  697    1   888.79    24.81    0.526   -2.410  17.062  69.795
  698   11   480.19    20.72   -0.500   -2.760  16.055  69.173
  699    3  1128.12    27.96    0.060   -4.436  18.308  68.995
  700    1   888.79    24.81    0.089   -3.875  19.066  67.834
  701    8   735.31    24.25   -0.444   -3.828  20.442  67.762
  702    1   888.79    24.81    0.145   -3.292  18.618  66.694
  703    1   888.79    24.81    0.384   -3.227  20.780  66.612
  704    8   735.31    24.25   -0.527   -2.881  19.706  65.922
  705    6     0.37     0.31    0.248   -2.207  19.850  70.048
  706    6     0.37     0.31    0.320   -4.164  21.077  68.433
  707    8   735.31    24.25   -0.520   -1.155  17.281  70.169
  708    4   769.72    21.49    0.246   -0.138  16.284  69.897
  709    1   888.79    24.81    0.526    0.999  16.639  68.965
  710   11   480.19    20.72   -0.500    1.701  15.741  68.487
  711    6     0.37     0.31    0.248   -0.897  18.116  70.625
  712    8   735.31    24.25   -0.520    1.185  17.929  68.696
  713    4   769.72    21.49    0.246    2.266  18.389  67.823
  714    1   888.79    24.81    0.526    2.711  19.778  68.278
  715   11   480.19    20.72   -0.500    2.216  20.292  69.292
  716    3  1128.12    27.96   -0.208    1.847  18.359  66.330
  717    1   888.79    24.81    0.620    0.603  19.195  66.027
  718   11   480.19    20.72   -0.706    0.360  20.183  66.732
  719   11   480.19    20.72   -0.706   -0.152  18.899  65.056
  720    6     0.37     0.31    0.248    0.612  18.621  69.095
  721    8   735.31    24.25   -0.520    3.653  20.378  67.562
  722    4   769.72    21.49    0.214    4.141  21.707  67.924
  723    1   888.79    24.81    0.526    3.288  22.821  67.330
  724   11   480.19    20.72   -0.500    3.718  23.972  67.294
  725    3  1128.12    27.96    0.038    5.589  21.893  67.451
  726    1   888.79    24.81    0.011    6.616  21.227  68.332
  727    1   888.79    24.81   -0.011    6.680  21.522  69.694
  728    1   888.79    24.81   -0.011    7.531  20.320  67.797
  729    1   888.79    24.81    0.004    7.641  20.923  70.516
  730    1   888.79    24.81    0.004    8.495  19.718  68.605
  731    1   888.79    24.81   -0.003    8.551  20.021  69.971
  732    6     0.37     0.31    0.248    4.008  19.924  66.764
  733    8   735.31    24.25   -0.520    2.087  22.498  66.874
  734    4   769.72    21.49    0.245    1.234  23.502  66.242
  735    1   888.79    24.81    0.526   -0.182  23.484  66.795
  736   11   480.19    20.72   -0.500   -1.130  23.078  66.110
  737    3  1128.12    27.96    0.022    1.219  23.281  64.726
  738    1   888.79    24.81   -0.001    2.610  23.183  64.137
  739    1   888.79    24.81   -0.035    3.214  21.943  63.929
  740    1   888.79    24.81   -0.035    3.355  24.333  63.876
  741    1   888.79    24.81    0.100    4.530  21.848  63.484
  742    1   888.79    24.81    0.100    4.674  24.248  63.430
  743    1   888.79    24.81   -0.121    5.255  23.005  63.237
  744   12   500.18    19.68   -0.368    6.563  22.924  62.802
  745    6     0.37     0.31    0.248    1.735  21.593  66.994
  746    6     0.37     0.31    0.339    6.937  23.812  62.767
  747    8   735.31    24.25   -0.257   -0.349  23.943  68.044
  748    4   769.72    21.49    0.112   -1.670  23.970  68.676
  749    1   888.79    24.81    0.526   -2.664  24.861  67.937
  750   11   480.19    20.72   -0.500   -2.268  25.844  67.285
  751    3  1128.12    27.96   -0.001   -1.368  24.534  70.064
  752    3  1128.12    27.96    0.036   -0.191  25.412  69.826
  753    3  1128.12    27.96    0.084    0.662  24.551  68.925
  754    8   735.31    24.25   -0.520   -3.944  24.493  67.990
  755    4   769.72    21.49    0.214   -4.973  25.305  67.358
  756    1   888.79    24.81    0.526   -5.323  26.481  68.269
  757   11   480.19    20.72   -0.500   -4.950  26.494  69.442
  758    3  1128.12    27.96    0.038   -6.184  24.477  66.945
  759    1   888.79    24.81    0.011   -5.937  23.632  65.723
  760    1   888.79    24.81   -0.011   -5.420  24.203  64.565
  761    1   888.79    24.81   -0.011   -6.225  22.265  65.728
  762    1   888.79    24.81    0.004   -5.191  23.431  63.426
  763    1   888.79    24.81    0.004   -5.999  21.472  64.585
  764    1   888.79    24.81   -0.003   -5.483  22.052  63.438
  765    6     0.37     0.31    0.248   -4.190  23.660  68.429
  766    8   735.31    24.25   -0.520   -6.110  27.409  67.745
  767    4   769.72    21.49    0.246   -6.424  28.659  68.424
  768    1   888.79    24.81    0.526   -7.876  29.003  68.700
  769   11   480.19    20.72   -0.500   -8.209  30.173  68.923
  770    3  1128.12    27.96   -0.208   -5.845  29.774  67.564
  771    1   888.79    24.81    0.620   -6.382  29.750  66.121
  772   11   480.19    20.72   -0.706   -7.267  28.916  65.739
  773   11   480.19    20.72   -0.706   -5.896  30.605  65.354
  774    6     0.37     0.31    0.248   -6.498  27.262  66.856
  775    8   735.31    24.25   -0.520   -8.753  28.013  68.668
  776    4   769.72    21.49    0.246  -10.152  28.301  68.906
  777    1   888.79    24.81    0.526  -10.797  28.761  67.611
  778   11   480.19    20.72   -0.500  -10.178  28.640  66.540
  779    6     0.37     0.31    0.248   -8.478  27.111  68.381
  780    8   735.31    24.25   -0.257  -12.031  29.301  67.670
  781    4   769.72    21.49    0.112  -12.783  29.784  66.507
  782    1   888.79    24.81    0.526  -11.941  30.731  65.644
  783   11   480.19    20.72   -0.500  -11.236  31.596  66.165
  784    3  1128.12    27.96   -0.001  -13.962  30.506  67.152
  785    3  1128.12    27.96    0.036  -14.185  29.731  68.402
  786    3  1128.12    27.96    0.084  -12.784  29.545  68.911
  787    8   735.31    24.25   -0.520  -12.020  30.553  64.331
  788    4   769.72    21.49    0.292  -11.264  31.353  63.370
  789    1   888.79    24.81    0.526   -9.749  31.160  63.491
  790   11   480.19    20.72   -0.500   -9.278  30.188  64.111
  791    3  1128.12    27.96    0.194  -11.638  32.832  63.483
  792   12   500.18    19.68   -0.550  -12.945  33.044  62.982
  793    6     0.37     0.31    0.248  -12.605  29.852  63.993
  794    6     0.37     0.31    0.310  -13.075  34.005  62.954
  795    8   735.31    24.25   -0.520   -8.994  32.077  62.886
  796    4   769.72    21.49    0.246   -7.547  31.981  62.909
  797    1   888.79    24.81    0.526   -7.160  30.768  62.088
  798   11   480.19    20.72   -0.500   -7.594  30.624  60.937
  799    6     0.37     0.31    0.248   -9.378  32.853  62.397
  800    8   735.31    24.25   -0.520   -6.372  29.880  62.682
  801    4   769.72    21.49    0.204   -5.953  28.647  62.019
  802    1   888.79    24.81    0.526   -7.184  27.777  61.798
  803   11   480.19    20.72   -0.500   -8.024  27.636  62.703
  804    3  1128.12    27.96    0.016   -4.973  27.852  62.892
  805    4   769.72    21.49    0.054   -3.497  28.226  63.019
  806    2  1586.37    35.05   -0.014   -3.107  29.275  61.999
  807    2  1586.37    35.05   -0.014   -3.224  28.692  64.426
  808    6     0.37     0.31    0.248   -6.070  30.067  63.585
  809    8   735.31    24.25   -0.520   -7.284  27.186  60.612
  810    4   769.72    21.49    0.204   -8.412  26.310  60.300
  811    1   888.79    24.81    0.526   -7.943  24.858  60.275
  812   11   480.19    20.72   -0.500   -8.670  23.958  60.696
  813    3  1128.12    27.96    0.016   -9.008  26.652  58.931
  814    4   769.72    21.49    0.054   -9.402  28.102  58.626
  815    2  1586.37    35.05   -0.014   -9.963  28.186  57.207
  816    2  1586.37    35.05   -0.014  -10.425  28.588  59.649
  817    6     0.37     0.31    0.248   -6.599  27.347  59.939
  818    8   735.31    24.25   -0.520   -6.722  24.652  59.788
  819    4   769.72    21.49    0.215   -6.159  23.309  59.663
  820    1   888.79    24.81    0.526   -4.701  23.380  59.258
  821   11   480.19    20.72   -0.500   -4.195  24.453  58.932
  822    2  1586.37    35.05    0.031   -6.940  22.522  58.609
  823    6     0.37     0.31    0.248   -6.153  25.391  59.483
  824    8   735.31    24.25   -0.520   -4.014  22.243  59.333
  825    4   769.72    21.49    0.219   -2.609  22.147  58.931
  826    1   888.79    24.81    0.526   -2.288  20.702  58.583
  827   11   480.19    20.72   -0.500   -2.952  19.774  59.070
  828    3  1128.12    27.96    0.060   -1.614  22.715  59.972
  829    1   888.79    24.81    0.089   -1.662  22.064  61.325
  830    8   735.31    24.25   -0.444   -2.010  22.727  62.479
  831    1   888.79    24.81    0.145   -1.363  20.797  61.713
  832    1   888.79    24.81    0.384   -1.922  21.873  63.507
  833    8   735.31    24.25   -0.527   -1.533  20.677  63.106
  834    6     0.37     0.31    0.248   -4.480  21.405  59.554
  835    6     0.37     0.31    0.320   -2.288  23.670  62.549
  836    8   735.31    24.25   -0.520   -1.317  20.516  57.702
  837    4   769.72    21.49    0.215   -0.917  19.180  57.284
  838    1   888.79    24.81    0.526    0.599  19.104  57.183
  839   11   480.19    20.72   -0.500    1.269  20.127  56.971
  840    2  1586.37    35.05    0.031   -1.566  18.831  55.971
  841    6     0.37     0.31    0.248   -0.914  21.314  57.288
  842    8   735.31    24.25   -0.520    1.143  17.908  57.391
  843    4   769.72    21.49    0.214    2.587  17.682  57.341
  844    1   888.79    24.81    0.526    3.002  17.101  55.991
  845   11   480.19    20.72   -0.500    2.332  16.226  55.460
  846    3  1128.12    27.96    0.038    3.018  16.732  58.461
  847    1   888.79    24.81    0.011    2.850  17.300  59.845
  848    1   888.79    24.81   -0.011    1.655  17.141  60.540
  849    1   888.79    24.81   -0.011    3.900  17.979  60.467
  850    1   888.79    24.81    0.004    1.505  17.647  61.842
  851    1   888.79    24.81    0.004    3.764  18.492  61.775
  852    1   888.79    24.81   -0.003    2.567  18.325  62.459
  853    6     0.37     0.31    0.248    0.554  17.140  57.555
  854    8   735.31    24.25   -0.257    4.115  17.595  55.412
  855    4   769.72    21.49    0.112    4.586  17.090  54.116
  856    1   888.79    24.81    0.526    4.996  15.615  54.215
  857   11   480.19    20.72   -0.500    5.172  15.089  55.324
  858    3  1128.12    27.96   -0.001    5.779  18.003  53.810
  859    3  1128.12    27.96    0.036    6.286  18.369  55.152
  860    3  1128.12    27.96    0.084    5.022  18.636  55.933
  861    8   735.31    24.25   -0.257    5.141  14.931  53.064
  862    4   769.72    21.49    0.112    5.522  13.516  53.004
  863    1   888.79    24.81    0.526    6.693  13.175  53.906
  864   11   480.19    20.72   -0.500    7.669  13.920  54.001
  865    3  1128.12    27.96   -0.001    5.886  13.330  51.537
  866    3  1128.12    27.96    0.036    4.932  14.239  50.847
  867    3  1128.12    27.96    0.084    4.982  15.480  51.702
  868    8   735.31    24.25   -0.520    6.591  12.031  54.566
  869    4   769.72    21.49    0.246    7.641  11.600  55.466
  870    1   888.79    24.81    0.526    7.110  10.604  56.479
  871   11   480.19    20.72   -0.500    5.917  10.306  56.483
  872    6     0.37     0.31    0.248    5.794  11.462  54.494
  873    8   735.31    24.25   -0.257    7.979  10.065  57.348
  874    4   769.72    21.49    0.112    7.606   9.089  58.376
  875    1   888.79    24.81    0.526    6.849   9.714  59.541
  876   11   480.19    20.72   -0.500    6.824  10.938  59.692
  877    3  1128.12    27.96   -0.001    8.956   8.553  58.825
  878    3  1128.12    27.96    0.036    9.825   9.757  58.723
  879    3  1128.12    27.96    0.084    9.429  10.322  57.377
  880    8   735.31    24.25   -0.520    6.211   8.859  60.337
  881    4   769.72    21.49    0.217    5.447   9.273  61.515
  882    1   888.79    24.81    0.526    4.283  10.197  61.159
  883   11   480.19    20.72   -0.500    3.327   9.771  60.519
  884    3  1128.12    27.96    0.003    6.375   9.929  62.549
  885    1   888.79    24.81    0.675    6.385   9.195  63.878
  886   11   480.19    20.72   -0.470    6.988   8.126  64.006
  887    8   735.31    24.25   -0.867    5.727   9.771  64.878
  888    6     0.37     0.31    0.248    6.211   7.913  60.107
  889    6     0.37     0.31    0.344    5.747   9.336  65.748
  890    6     0.37     0.31    0.344    5.238  10.610  64.741
  891    8   735.31    24.25   -0.520    4.371  11.462  61.569
  892    4   769.72    21.49    0.245    3.324  12.444  61.291
  893    1   888.79    24.81    0.526    3.337  12.987  59.868
  894   11   480.19    20.72   -0.500    2.438  13.731  59.486
  895    3  1128.12    27.96    0.022    3.390  13.605  62.281
  896    1   888.79    24.81   -0.001    4.785  14.090  62.583
  897    1   888.79    24.81   -0.035    5.345  15.159  61.886
  898    1   888.79    24.81   -0.035    5.524  13.515  63.615
  899    1   888.79    24.81    0.100    6.607  15.651  62.222
  900    1   888.79    24.81    0.100    6.777  13.994  63.955
  901    1   888.79    24.81   -0.121    7.312  15.061  63.262
  902   12   500.18    19.68   -0.368    8.532  15.555  63.655
  903    6     0.37     0.31    0.248    5.139  11.781  62.059
  904    6     0.37     0.31    0.339    8.803  16.194  62.983
  905    8   735.31    24.25   -0.520    4.394  12.680  59.119
  906    4   769.72    21.49    0.246    4.475  13.125  57.738
  907    1   888.79    24.81    0.526    3.216  12.692  57.004
  908   11   480.19    20.72   -0.500    2.791  11.533  57.107
  909    6     0.37     0.31    0.248    5.123  12.134  59.468
  910    8   735.31    24.25   -0.520    2.604  13.630  56.286
  911    4   769.72    21.49    0.246    1.382  13.355  55.553
  912    1   888.79    24.81    0.526    0.103  13.583  56.343
  913   11   480.19    20.72   -0.500   -0.962  13.761  55.747
  914    6     0.37     0.31    0.248    2.970  14.530  56.259
  915    8   735.31    24.25   -0.520    0.192  13.606  57.672
  916    4   769.72    21.49    0.246   -0.994  13.786  58.514
  917    1   888.79    24.81    0.526   -1.669  15.144  58.354
  918   11   480.19    20.72   -0.500   -1.007  16.160  58.131
  919    3  1128.12    27.96   -0.208   -0.651  13.525  59.980
  920    1   888.79    24.81    0.620   -0.208  12.088  60.231
  921   11   480.19    20.72   -0.706   -0.297  11.246  59.310
  922   11   480.19    20.72   -0.706    0.230  11.799  61.359
  923    6     0.37     0.31    0.248    1.045  13.491  58.137
  924    8   735.31    24.25   -0.520   -2.988  15.160  58.462
  925    4   769.72    21.49    0.215   -3.737  16.399  58.307
  926    1   888.79    24.81    0.526   -4.657  16.575  59.506
  927   11   480.19    20.72   -0.500   -5.403  15.660  59.868
  928    2  1586.37    35.05    0.031   -4.535  16.380  56.992
  929    6     0.37     0.31    0.248   -3.467  14.326  58.691
  930    8   735.31    24.25   -0.520   -4.543  17.734  60.156
  931    4   769.72    21.49    0.219   -5.339  18.052  61.338
  932    1   888.79    24.81    0.526   -6.278  19.208  61.026
  933   11   480.19    20.72   -0.500   -5.870  20.180  60.398
  934    3  1128.12    27.96    0.060   -4.430  18.453  62.513
  935    1   888.79    24.81    0.112   -3.410  17.415  62.877
  936    8   735.31    24.25   -0.527   -2.298  17.732  63.613
  937    1   888.79    24.81    0.122   -3.381  16.093  62.564
  938    1   888.79    24.81    0.384   -1.613  16.605  63.728
  939    8   735.31    24.25   -0.444   -2.232  15.588  63.110
  940    6     0.37     0.31    0.248   -3.942  18.409  59.786
  941    6     0.37     0.31    0.320   -1.881  14.661  63.067
  942    8   735.31    24.25   -0.520   -7.523  19.098  61.482
  943    4   769.72    21.49    0.214   -8.528  20.133  61.265
  944    1   888.79    24.81    0.526   -8.981  20.646  62.629
  945   11   480.19    20.72   -0.500   -9.198  19.864  63.555
  946    3  1128.12    27.96    0.038   -9.705  19.567  60.468
  947    1   888.79    24.81    0.011   -9.315  19.078  59.095
  948    1   888.79    24.81   -0.011   -9.510  19.879  57.970
  949    1   888.79    24.81   -0.011   -8.707  17.834  58.935
  950    1   888.79    24.81    0.004   -9.100  19.445  56.710
  951    1   888.79    24.81    0.004   -8.293  17.393  57.683
  952    1   888.79    24.81   -0.003   -8.487  18.195  56.570
  953    6     0.37     0.31    0.248   -7.776  18.293  61.994
  954    8   735.31    24.25   -0.520   -9.110  21.960  62.746
  955    4   769.72    21.49    0.246   -9.506  22.605  63.990
  956    1   888.79    24.81    0.526  -10.990  22.384  64.273
  957   11   480.19    20.72   -0.500  -11.857  22.913  63.571
  958    3  1128.12    27.96   -0.208   -9.188  24.106  63.901
  959    1   888.79    24.81    0.620   -9.275  24.827  65.239
  960   11   480.19    20.72   -0.706   -9.772  24.225  66.227
  961   11   480.19    20.72   -0.706   -8.838  26.014  65.295
  962    6     0.37     0.31    0.248   -8.955  22.541  61.971
  963    8   735.31    24.25   -0.520  -11.296  21.610  65.303
  964    4   769.72    21.49    0.246  -12.698  21.367  65.608
  965    1   888.79    24.81    0.526  -13.413  22.502  66.331
  966   11   480.19    20.72   -0.500  -14.502  22.311  66.869
  967    3  1128.12    27.96   -0.208  -12.917  20.028  66.300
  968    1   888.79    24.81    0.620  -14.024  19.222  65.637
  969   11   480.19    20.72   -0.706  -13.975  17.977  65.687
  970   11   480.19    20.72   -0.706  -14.944  19.838  65.041
  971    6     0.37     0.31    0.248  -10.571  21.251  65.842
  972    8   735.31    24.25   -0.520  -12.772  23.660  66.419
  973    4   769.72    21.49    0.246  -13.426  24.824  67.007
  974    1   888.79    24.81    0.526  -14.068  25.625  65.867
  975   11   480.19    20.72   -0.500  -14.778  26.609  66.093
  976    3  1128.12    27.96   -0.208  -12.458  25.682  67.827
  977    1   888.79    24.81    0.620  -12.414  25.264  69.292
  978   11   480.19    20.72   -0.706  -13.432  24.748  69.805
  979   11   480.19    20.72   -0.706  -11.363  25.438  69.939
  980    6     0.37     0.31    0.248  -11.841  23.764  66.116
  981    8   735.31    24.25   -0.520  -13.793  25.216  64.633
  982    4   769.72    21.49    0.246  -14.372  25.865  63.464
  983    1   888.79    24.81    0.526  -15.671  25.143  63.162
  984   11   480.19    20.72   -0.500  -15.897  24.038  63.649
  985    3  1128.12    27.96    0.000  -13.433  25.747  62.251
  986    3  1128.12    27.96   -0.208  -11.969  26.129  62.514
  987    1   888.79    24.81    0.620  -11.791  27.537  63.057
  988   11   480.19    20.72   -0.706  -12.692  28.370  62.818
  989   11   480.19    20.72   -0.706  -10.744  27.822  63.718
  990    6     0.37     0.31    0.248  -13.184  24.471  64.461
  991    8   735.31    24.25   -0.520  -16.543  25.780  62.394
  992    4   769.72    21.49    0.268  -17.798  25.155  62.009
  993    1   888.79    24.81    0.526  -17.625  24.610  60.579
  994   11   480.19    20.72   -0.500  -17.557  25.375  59.612
  995    4   769.72    21.49    0.211  -18.998  26.140  62.145
  996   12   500.18    19.68   -0.550  -20.159  25.599  61.501
  997    2  1586.37    35.05    0.007  -18.664  27.486  61.545
  998    6     0.37     0.31    0.248  -16.310  26.669  62.059
  999    6     0.37     0.31    0.310  -20.904  26.094  61.841
 1000    8   735.31    24.25   -0.520  -17.471  23.290  60.483
 1001    4   769.72    21.49    0.248  -17.270  22.570  59.220
 1002    1   888.79    24.81    0.526  -18.584  22.215  58.540
 1003   11   480.19    20.72   -0.500  -19.493  21.696  59.186
 1004    3  1128.12    27.96    0.020  -16.469  21.290  59.486
 1005    1   888.79    24.81    0.046  -15.137  21.567  60.068
 1006    1   888.79    24.81    0.117  -14.739  21.332  61.347
 1007    1   888.79    24.81   -0.275  -14.034  22.202  59.409
 1008    8   735.31    24.25   -0.330  -13.458  21.791  61.534
 1009    1   888.79    24.81    0.000  -12.999  22.331  60.361
 1010    1   888.79    24.81    0.145  -13.820  22.681  58.103
 1011    1   888.79    24.81    0.029  -11.764  22.920  60.059
 1012    1   888.79    24.81   -0.082  -12.590  23.265  57.798
 1013    1   888.79    24.81    0.034  -11.576  23.379  58.781
 1014    6     0.37     0.31    0.248  -17.545  22.759  61.316
 1015    6     0.37     0.31    0.294  -12.986  21.748  62.403
 1016    8   735.31    24.25   -0.520  -18.671  22.422  57.229
 1017    4   769.72    21.49    0.268  -19.912  22.120  56.510
 1018    1   888.79    24.81    0.526  -19.687  21.479  55.150
 1019   11   480.19    20.72   -0.500  -18.560  21.395  54.654
 1020    4   769.72    21.49    0.211  -20.733  23.397  56.233
 1021   12   500.18    19.68   -0.550  -20.005  24.232  55.323
 1022    2  1586.37    35.05    0.007  -21.011  24.165  57.510
 1023    6     0.37     0.31    0.248  -17.907  22.767  56.715
 1024    6     0.37     0.31    0.310  -19.530  24.911  55.830
 1025    8   735.31    24.25   -0.520  -20.782  21.033  54.550
 1026    4   769.72    21.49    0.292  -20.743  20.455  53.221
 1027    1   888.79    24.81    0.526  -21.420  21.463  52.288
 1028   11   480.19    20.72   -0.500  -21.763  21.140  51.149
 1029    3  1128.12    27.96    0.194  -21.474  19.112  53.204
 1030   12   500.18    19.68   -0.550  -22.763  19.243  53.762
 1031    6     0.37     0.31    0.248  -21.650  21.056  55.026
 1032    6     0.37     0.31    0.310  -22.758  19.079  54.725
 1033    8   735.31    24.25   -0.520  -21.582  22.693  52.766
 1034    4   769.72    21.49    0.292  -22.224  23.743  51.980
 1035    1   888.79    24.81    0.526  -21.370  25.011  52.039
 1036   11   480.19    20.72   -0.500  -20.165  24.933  52.258
 1037    3  1128.12    27.96    0.194  -23.640  24.015  52.503
 1038   12   500.18    19.68   -0.550  -23.607  24.705  53.744
 1039    6     0.37     0.31    0.248  -21.223  22.980  53.632
 1040    6     0.37     0.31    0.310  -24.517  24.750  54.071
 1041    8   735.31    24.25   -0.520  -21.994  26.170  51.831
 1042    4   769.72    21.49    0.292  -21.282  27.442  51.855
 1043    1   888.79    24.81    0.526  -21.185  28.063  53.242
 1044   11   480.19    20.72   -0.500  -20.515  29.078  53.421
 1045    3  1128.12    27.96    0.194  -21.971  28.439  50.924
 1046   12   500.18    19.68   -0.550  -23.236  28.813  51.435
 1047    6     0.37     0.31    0.248  -22.949  26.213  51.625
 1048    6     0.37     0.31    0.310  -23.871  28.135  51.180
 1049    8   735.31    24.25   -0.520  -21.909  27.509  54.210
 1050    4   769.72    21.49    0.227  -21.882  28.058  55.560
 1051    1   888.79    24.81    0.526  -20.560  27.652  56.203
 1052   11   480.19    20.72   -0.500  -19.913  26.708  55.748
 1053    3  1128.12    27.96    0.039  -23.060  27.540  56.405
 1054    3  1128.12    27.96    0.053  -24.370  27.248  55.658
 1055    3  1128.12    27.96    0.048  -24.848  28.375  54.745
 1056    3  1128.12    27.96    0.218  -25.452  29.535  55.493
 1057    9   725.70    20.26   -0.272  -26.187  30.407  54.540
 1058    6     0.37     0.31    0.248  -22.401  26.684  54.022
 1059    6     0.37     0.31    0.311  -26.929  29.867  54.041
 1060    6     0.37     0.31    0.311  -26.687  31.166  55.051
 1061    6     0.37     0.31    0.311  -25.587  30.831  53.813
 1062    8   735.31    24.25   -0.520  -20.149  28.383  57.239
 1063    4   769.72    21.49    0.246  -18.908  28.073  57.927
 1064    1   888.79    24.81    0.526  -17.785  27.791  56.951
 1065   11   480.19    20.72   -0.500  -17.622  28.519  55.966
 1066    6     0.37     0.31    0.248  -20.670  29.154  57.527
 1067    8   735.31    24.25   -0.520  -17.029  26.730  57.200
 1068    4   769.72    21.49    0.245  -15.932  26.365  56.312
 1069    1   888.79    24.81    0.526  -16.229  25.037  55.630
 1070   11   480.19    20.72   -0.500  -16.496  24.037  56.302
 1071    3  1128.12    27.96    0.022  -14.604  26.304  57.083
 1072    1   888.79    24.81   -0.001  -14.060  27.676  57.421
 1073    1   888.79    24.81   -0.035  -13.451  28.463  56.435
 1074    1   888.79    24.81   -0.035  -14.213  28.221  58.700
 1075    1   888.79    24.81    0.100  -13.015  29.757  56.707
 1076    1   888.79    24.81    0.100  -13.780  29.525  58.984
 1077    1   888.79    24.81   -0.121  -13.183  30.283  57.974
 1078   12   500.18    19.68   -0.368  -12.765  31.578  58.202
 1079    6     0.37     0.31    0.248  -17.222  26.151  57.962
 1080    6     0.37     0.31    0.339  -12.994  31.888  59.097
 1081    8   735.31    24.25   -0.520  -16.232  25.044  54.295
 1082    4   769.72    21.49    0.217  -16.497  23.836  53.500
 1083    1   888.79    24.81    0.526  -15.352  22.835  53.692
 1084   11   480.19    20.72   -0.500  -14.207  23.103  53.312
 1085    3  1128.12    27.96    0.003  -16.633  24.203  52.017
 1086    1   888.79    24.81    0.675  -17.103  23.035  51.158
 1087   11   480.19    20.72   -0.470  -16.297  22.243  50.664
 1088    8   735.31    24.25   -0.867  -18.407  22.938  50.956
 1089    6     0.37     0.31    0.248  -16.075  25.903  53.847
 1090    6     0.37     0.31    0.344  -18.751  22.227  50.379
 1091    6     0.37     0.31    0.344  -18.983  23.615  51.378
 1092    8   735.31    24.25   -0.520  -15.665  21.687  54.291
 1093    4   769.72    21.49    0.204  -14.655  20.665  54.560
 1094    1   888.79    24.81    0.526  -13.948  20.180  53.299
 1095   11   480.19    20.72   -0.500  -12.736  20.024  53.304
 1096    3  1128.12    27.96    0.016  -15.251  19.476  55.327
 1097    4   769.72    21.49    0.054  -14.246  18.428  55.825
 1098    2  1586.37    35.05   -0.014  -13.241  19.075  56.774
 1099    2  1586.37    35.05   -0.014  -14.970  17.270  56.515
 1100    6     0.37     0.31    0.248  -16.594  21.546  54.569
 1101    8   735.31    24.25   -0.520  -14.695  19.926  52.234
 1102    4   769.72    21.49    0.214  -14.084  19.475  50.985
 1103    1   888.79    24.81    0.526  -12.952  20.402  50.517
 1104   11   480.19    20.72   -0.500  -11.856  19.942  50.204
 1105    3  1128.12    27.96    0.038  -15.145  19.355  49.888
 1106    1   888.79    24.81    0.011  -14.578  19.345  48.497
 1107    1   888.79    24.81   -0.011  -13.809  18.273  48.045
 1108    1   888.79    24.81   -0.011  -14.787  20.428  47.643
 1109    1   888.79    24.81    0.004  -13.252  18.281  46.763
 1110    1   888.79    24.81    0.004  -14.234  20.445  46.356
 1111    1   888.79    24.81   -0.003  -13.465  19.365  45.922
 1112    6     0.37     0.31    0.248  -15.670  20.018  52.282
 1113    8   735.31    24.25   -0.520  -13.219  21.705  50.474
 1114    4   769.72    21.49    0.204  -12.230  22.677  50.011
 1115    1   888.79    24.81    0.526  -10.997  22.755  50.892
 1116   11   480.19    20.72   -0.500   -9.858  22.717  50.407
 1117    3  1128.12    27.96    0.016  -12.874  24.064  49.870
 1118    4   769.72    21.49    0.054  -13.943  24.164  48.765
 1119    2  1586.37    35.05   -0.014  -14.617  25.527  48.792
 1120    2  1586.37    35.05   -0.014  -13.318  23.892  47.398
 1121    6     0.37     0.31    0.248  -14.112  21.989  50.752
 1122    8   735.31    24.25   -0.520  -11.214  22.876  52.199
 1123    4   769.72    21.49    0.201  -10.091  22.957  53.120
 1124    1   888.79    24.81    0.526   -9.268  21.665  53.088
 1125   11   480.19    20.72   -0.500   -8.045  21.713  53.109
 1126    4   769.72    21.49    0.033  -10.573  23.275  54.555
 1127    2  1586.37    35.05    0.006   -9.393  23.299  55.531
 1128    2  1586.37    35.05    0.006  -11.325  24.625  54.558
 1129    6     0.37     0.31    0.248  -12.138  22.886  52.546
 1130    8   735.31    24.25   -0.520   -9.950  20.523  52.996
 1131    4   769.72    21.49    0.215   -9.288  19.219  52.953
 1132    1   888.79    24.81    0.526   -8.443  19.095  51.684
 1133   11   480.19    20.72   -0.500   -7.317  18.611  51.732
 1134    2  1586.37    35.05    0.031  -10.327  18.093  53.004
 1135    6     0.37     0.31    0.248  -10.926  20.539  52.934
 1136    8   735.31    24.25   -0.520   -9.000  19.531  50.556
 1137    4   769.72    21.49    0.215   -8.302  19.482  49.268
 1138    1   888.79    24.81    0.526   -6.974  20.256  49.354
 1139   11   480.19    20.72   -0.500   -5.934  19.767  48.905
 1140    2  1586.37    35.05    0.031   -9.205  20.037  48.160
 1141    6     0.37     0.31    0.248   -9.919  19.871  50.566
 1142    8   735.31    24.25   -0.520   -7.014  21.423  49.990
 1143    4   769.72    21.49    0.219   -5.837  22.264  50.188
 1144    1   888.79    24.81    0.526   -4.854  21.557  51.121
 1145   11   480.19    20.72   -0.500   -3.651  21.485  50.837
 1146    3  1128.12    27.96    0.060   -6.247  23.628  50.775
 1147    1   888.79    24.81    0.089   -5.094  24.481  51.215
 1148    8   735.31    24.25   -0.444   -4.543  25.487  50.453
 1149    1   888.79    24.81    0.145   -4.375  24.467  52.368
 1150    1   888.79    24.81    0.384   -3.528  26.036  51.143
 1151    8   735.31    24.25   -0.527   -3.371  25.458  52.324
 1152    6     0.37     0.31    0.248   -7.882  21.735  50.327
 1153    6     0.37     0.31    0.320   -4.886  25.762  49.573
 1154    8   735.31    24.25   -0.520   -5.350  21.041  52.243
 1155    4   769.72    21.49    0.246   -4.478  20.350  53.194
 1156    1   888.79    24.81    0.526   -3.827  19.108  52.585
 1157   11   480.19    20.72   -0.500   -2.638  18.860  52.802
 1158    3  1128.12    27.96    0.000   -5.221  19.997  54.487
 1159    3  1128.12    27.96   -0.208   -5.630  21.214  55.318
 1160    1   888.79    24.81    0.620   -4.483  22.190  55.573
 1161   11   480.19    20.72   -0.706   -3.336  21.755  55.837
 1162   11   480.19    20.72   -0.706   -4.721  23.416  55.495
 1163    6     0.37     0.31    0.248   -6.292  21.165  52.486
 1164    8   735.31    24.25   -0.520   -4.579  18.363  51.784
 1165    4   769.72    21.49    0.214   -4.022  17.171  51.154
 1166    1   888.79    24.81    0.526   -2.936  17.553  50.149
 1167   11   480.19    20.72   -0.500   -2.028  16.767  49.888
 1168    3  1128.12    27.96    0.038   -5.117  16.304  50.524
 1169    1   888.79    24.81    0.011   -6.080  15.734  51.528
 1170    1   888.79    24.81   -0.011   -7.351  15.332  51.143
 1171    1   888.79    24.81   -0.011   -5.731  15.649  52.881
 1172    1   888.79    24.81    0.004   -8.267  14.858  52.092
 1173    1   888.79    24.81    0.004   -6.637  15.180  53.832
 1174    1   888.79    24.81   -0.003   -7.903  14.788  53.438
 1175    6     0.37     0.31    0.248   -5.505  18.617  51.638
 1176    8   735.31    24.25   -0.520   -3.018  18.765  49.603
 1177    4   769.72    21.49    0.246   -1.982  19.226  48.695
 1178    1   888.79    24.81    0.526   -0.689  19.233  49.499
 1179   11   480.19    20.72   -0.500    0.367  18.783  49.022
 1180    6     0.37     0.31    0.248   -3.788  19.348  49.783
 1181    8   735.31    24.25   -0.520   -0.782  19.688  50.750
 1182    4   769.72    21.49    0.219    0.368  19.726  51.647
 1183    1   888.79    24.81    0.526    0.855  18.309  51.965
 1184   11   480.19    20.72   -0.500    2.061  18.045  51.943
 1185    3  1128.12    27.96    0.060    0.037  20.444  52.961
 1186    1   888.79    24.81    0.089   -0.170  21.925  52.825
 1187    8   735.31    24.25   -0.444    0.644  22.760  52.096
 1188    1   888.79    24.81    0.145   -1.099  22.731  53.402
 1189    1   888.79    24.81    0.384    0.201  24.019  52.253
 1190    8   735.31    24.25   -0.527   -0.859  24.061  53.040
 1191    6     0.37     0.31    0.248   -1.655  19.997  51.078
 1192    6     0.37     0.31    0.320    1.435  22.512  51.549
 1193    8   735.31    24.25   -0.520   -0.081  17.410  52.274
 1194    4   769.72    21.49    0.292    0.252  16.014  52.597
 1195    1   888.79    24.81    0.526    1.018  15.322  51.472
 1196   11   480.19    20.72   -0.500    1.772  14.373  51.714
 1197    3  1128.12    27.96    0.194   -1.022  15.215  52.878
 1198   12   500.18    19.68   -0.550   -1.734  15.754  53.974
 1199    6     0.37     0.31    0.248   -1.029  17.673  52.316
 1200    6     0.37     0.31    0.310   -1.309  15.471  54.803
 1201    8   735.31    24.25   -0.520    0.788  15.789  50.249
 1202    4   769.72    21.49    0.204    1.420  15.250  49.051
 1203    1   888.79    24.81    0.526    2.728  15.941  48.649
 1204   11   480.19    20.72   -0.500    3.410  15.480  47.743
 1205    3  1128.12    27.96    0.016    0.424  15.287  47.889
 1206    4   769.72    21.49    0.054   -0.833  14.418  48.049
 1207    2  1586.37    35.05   -0.014   -1.828  14.691  46.928
 1208    2  1586.37    35.05   -0.014   -0.441  12.929  48.106
 1209    6     0.37     0.31    0.248    0.142  16.514  50.142
 1210    8   735.31    24.25   -0.520    3.075  17.055  49.288
 1211    4   769.72    21.49    0.246    4.310  17.727  48.939
 1212    1   888.79    24.81    0.526    4.235  19.144  48.387
 1213   11   480.19    20.72   -0.500    5.268  19.717  48.063
 1214    6     0.37     0.31    0.248    2.525  17.422  50.015
 1215    8   735.31    24.25   -0.520    3.041  19.709  48.260
 1216    4   769.72    21.49    0.204    2.892  21.083  47.761
 1217    1   888.79    24.81    0.526    2.833  22.098  48.901
 1218   11   480.19    20.72   -0.500    2.219  21.842  49.938
 1219    3  1128.12    27.96    0.016    1.613  21.225  46.929
 1220    4   769.72    21.49    0.054    1.522  20.473  45.600
 1221    2  1586.37    35.05   -0.014    0.179  20.738  44.956
 1222    2  1586.37    35.05   -0.014    2.647  20.920  44.689
 1223    6     0.37     0.31    0.248    2.230  19.220  48.514
 1224    8   735.31    24.25   -0.520    3.517  23.222  48.725
 1225    4   769.72    21.49    0.246    3.506  24.303  49.696
 1226    1   888.79    24.81    0.526    2.556  25.341  49.110
 1227   11   480.19    20.72   -0.500    1.859  25.071  48.125
 1228    3  1128.12    27.96   -0.208    4.900  24.896  49.885
 1229    1   888.79    24.81    0.620    5.092  25.520  51.260
 1230   11   480.19    20.72   -0.706    4.089  25.817  51.945
 1231   11   480.19    20.72   -0.706    6.256  25.716  51.662
 1232    6     0.37     0.31    0.248    4.053  23.322  47.914
 1233    8   735.31    24.25   -0.520    2.519  26.531  49.693
 1234    4   769.72    21.49    0.219    1.612  27.557  49.206
 1235    1   888.79    24.81    0.526    2.073  28.179  47.901
 1236   11   480.19    20.72   -0.500    3.261  28.229  47.613
 1237    3  1128.12    27.96    0.060    1.392  28.630  50.282
 1238    1   888.79    24.81    0.089    0.719  28.111  51.514
 1239    8   735.31    24.25   -0.444    1.221  28.250  52.789
 1240    1   888.79    24.81    0.145   -0.420  27.384  51.647
 1241    1   888.79    24.81    0.384    0.394  27.619  53.635
 1242    8   735.31    24.25   -0.527   -0.622  27.070  52.992
 1243    6     0.37     0.31    0.248    3.124  26.734  50.440
 1244    6     0.37     0.31    0.320    2.087  28.669  53.017
 1245    8   735.31    24.25   -0.520    1.104  28.573  47.085
 1246    4   769.72    21.49    0.292    1.360  29.202  45.806
 1247    1   888.79    24.81    0.526    1.140  30.698  45.971
 1248   11   480.19    20.72   -0.500    0.486  31.126  46.924
 1249    3  1128.12    27.96    0.194    0.374  28.672  44.768
 1250   12   500.18    19.68   -0.550    0.252  29.566  43.677
 1251    6     0.37     0.31    0.248    0.174  28.451  47.365
 1252    6     0.37     0.31    0.310   -0.689  29.586  43.410
 1253    8   735.31    24.25   -0.520    1.675  31.486  45.041
 1254    4   769.72    21.49    0.227    1.489  32.932  45.088
 1255    1   888.79    24.81    0.526    0.270  33.295  44.245
 1256   11   480.19    20.72   -0.500   -0.272  34.394  44.355
 1257    3  1128.12    27.96    0.039    2.726  33.683  44.572
 1258    3  1128.12    27.96    0.053    2.846  33.758  43.050
 1259    3  1128.12    27.96    0.048    4.012  34.641  42.627
 1260    3  1128.12    27.96    0.218    4.070  34.780  41.117
 1261    9   725.70    20.26   -0.272    5.205  35.638  40.680
 1262    6     0.37     0.31    0.248    2.194  31.065  44.320
 1263    6     0.37     0.31    0.311    5.163  36.590  41.087
 1264    6     0.37     0.31    0.311    6.115  35.172  40.908
 1265    6     0.37     0.31    0.311    5.168  35.708  39.640
 1266    8   735.31    24.25   -0.520   -0.144  32.377  43.374
 1267    4   769.72    21.49    0.246   -1.294  32.621  42.520
 1268    1   888.79    24.81    0.526   -2.586  32.655  43.332
 1269   11   480.19    20.72   -0.500   -3.005  31.647  43.909
 1270    3  1128.12    27.96   -0.208   -1.376  31.567  41.414
 1271    1   888.79    24.81    0.620   -2.603  31.736  40.530
 1272   11   480.19    20.72   -0.706   -3.117  32.868  40.412
 1273   11   480.19    20.72   -0.706   -3.065  30.733  39.955
 1274    6     0.37     0.31    0.248    0.302  31.509  43.291
 1275    8   735.31    24.25   -0.257   -3.238  33.826  43.387
 1276    4   769.72    21.49    0.112   -4.486  34.014  44.119
 1277    1   888.79    24.81    0.526   -5.624  33.094  43.683
 1278   11   480.19    20.72   -0.500   -6.573  32.885  44.445
 1279    3  1128.12    27.96   -0.001   -4.811  35.493  43.869
 1280    3  1128.12    27.96    0.036   -4.140  35.781  42.570
 1281    3  1128.12    27.96    0.084   -2.828  35.082  42.738
 1282    8   735.31    24.25   -0.520   -5.540  32.545  42.473
 1283    4   769.72    21.49    0.246   -6.588  31.655  42.013
 1284    1   888.79    24.81    0.526   -6.301  30.180  42.258
 1285   11   480.19    20.72   -0.500   -7.119  29.332  41.906
 1286    6     0.37     0.31    0.248   -4.780  32.711  41.857
 1287    8   735.31    24.25   -0.520   -5.144  29.870  42.836
 1288    4   769.72    21.49    0.215   -4.758  28.488  43.113
 1289    1   888.79    24.81    0.526   -5.387  27.919  44.385
 1290   11   480.19    20.72   -0.500   -5.637  28.651  45.358
 1291    2  1586.37    35.05    0.031   -3.252  28.382  43.203
 1292    6     0.37     0.31    0.248   -4.504  30.575  43.058
 1293    8   735.31    24.25   -0.520   -5.641  26.615  44.380
 1294    4   769.72    21.49    0.204   -6.195  25.940  45.548
 1295    1   888.79    24.81    0.526   -5.162  26.019  46.675
 1296   11   480.19    20.72   -0.500   -5.527  26.086  47.850
 1297    3  1128.12    27.96    0.016   -6.510  24.476  45.234
 1298    4   769.72    21.49    0.054   -6.927  23.615  46.428
 1299    2  1586.37    35.05   -0.014   -8.277  24.077  46.966
 1300    2  1586.37    35.05   -0.014   -6.987  22.147  46.015
 1301    6     0.37     0.31    0.248   -5.449  26.095  43.581
 1302    8   735.31    24.25   -0.520   -3.870  26.018  46.314
 1303    4   769.72    21.49    0.137   -2.795  26.113  47.302
 1304    1   888.79    24.81    0.526   -2.503  27.539  47.794
 1305   11   480.19    20.72   -0.500   -1.518  27.773  48.499
 1306    3  1128.12    27.96    0.037   -1.507  25.435  46.813
 1307    3  1128.12    27.96    0.090   -1.635  23.924  46.603
 1308   14  1831.79    40.48   -0.025   -2.434  23.042  47.962
 1309    2  1586.37    35.05    0.007   -1.289  23.356  49.269
 1310    6     0.37     0.31    0.248   -3.617  25.892  45.364
 1311    8   735.31    24.25   -0.520   -3.345  28.492  47.406
 1312    4   769.72    21.49    0.214   -3.204  29.866  47.882
 1313    1   888.79    24.81    0.526   -3.594  29.725  49.361
 1314   11   480.19    20.72   -0.500   -4.595  29.080  49.681
 1315    3  1128.12    27.96    0.038   -4.199  30.778  47.156
 1316    1   888.79    24.81    0.011   -3.938  32.243  47.356
 1317    1   888.79    24.81   -0.011   -2.713  32.794  46.993
 1318    1   888.79    24.81   -0.011   -4.922  33.073  47.882
 1319    1   888.79    24.81    0.004   -2.467  34.158  47.147
 1320    1   888.79    24.81    0.004   -4.690  34.438  48.040
 1321    1   888.79    24.81   -0.003   -3.457  34.982  47.671
 1322    6     0.37     0.31    0.248   -4.113  28.278  46.835
 1323    8   735.31    24.25   -0.257   -2.820  30.322  50.279
 1324    4   769.72    21.49    0.112   -3.108  30.227  51.717
 1325    1   888.79    24.81    0.526   -4.343  30.926  52.328
 1326   11   480.19    20.72   -0.500   -4.425  31.058  53.549
 1327    3  1128.12    27.96   -0.001   -1.810  30.729  52.345
 1328    3  1128.12    27.96    0.036   -1.371  31.774  51.375
 1329    3  1128.12    27.96    0.084   -1.592  31.099  50.042
 1330    8   735.31    24.25   -0.520   -5.317  31.324  51.517
 1331    4   769.72    21.49    0.199   -6.505  31.993  52.043
 1332    1   888.79    24.81    0.526   -7.754  31.312  51.504
 1333   11   480.19    20.72   -0.500   -7.837  30.981  50.319
 1334    4   769.72    21.49    0.030   -6.510  33.511  51.701
 1335    3  1128.12    27.96    0.017   -5.280  34.186  52.311
 1336    2  1586.37    35.05    0.001   -7.760  34.192  52.264
 1337    2  1586.37    35.05   -0.001   -5.072  35.610  51.841
 1338    6     0.37     0.31    0.248   -5.308  31.115  50.564
 1339    8   735.31    24.25   -0.520   -8.693  31.048  52.404
 1340    4   769.72    21.49    0.245   -9.941  30.379  52.069
 1341    1   888.79    24.81    0.526  -10.884  31.172  51.164
 1342   11   480.19    20.72   -0.500  -11.114  32.366  51.368
 1343    3  1128.12    27.96    0.022  -10.676  29.973  53.368
 1344    1   888.79    24.81   -0.001  -12.008  29.286  53.140
 1345    1   888.79    24.81   -0.035  -12.073  27.918  52.883
 1346    1   888.79    24.81   -0.035  -13.204  30.011  53.152
 1347    1   888.79    24.81    0.100  -13.288  27.294  52.637
 1348    1   888.79    24.81    0.100  -14.429  29.392  52.909
 1349    1   888.79    24.81   -0.121  -14.463  28.033  52.653
 1350   12   500.18    19.68   -0.368  -15.672  27.404  52.439
 1351    6     0.37     0.31    0.248   -8.541  31.319  53.336
 1352    6     0.37     0.31    0.339  -15.520  26.556  52.019
 1353    8   735.31    24.25   -0.520  -11.426  30.478  50.166
 1354    4   769.72    21.49    0.268  -12.403  31.026  49.240
 1355    1   888.79    24.81    0.526  -13.367  29.887  48.920
 1356   11   480.19    20.72   -0.500  -12.925  28.750  48.737
 1357    4   769.72    21.49    0.211  -11.740  31.494  47.907
 1358   12   500.18    19.68   -0.550  -10.882  32.608  48.176
 1359    2  1586.37    35.05    0.007  -12.803  31.909  46.896
 1360    6     0.37     0.31    0.248  -11.192  29.546  50.011
 1361    6     0.37     0.31    0.310   -9.994  32.276  48.390
 1362    8   735.31    24.25   -0.520  -14.662  30.167  48.957
 1363    4   769.72    21.49    0.245  -15.659  29.172  48.625
 1364    1   888.79    24.81    0.526  -16.036  29.191  47.154
 1365   11   480.19    20.72   -0.500  -16.197  30.247  46.534
 1366    3  1128.12    27.96    0.022  -16.934  29.365  49.479
 1367    1   888.79    24.81   -0.001  -18.047  28.387  49.143
 1368    1   888.79    24.81   -0.035  -19.094  28.761  48.297
 1369    1   888.79    24.81   -0.035  -18.030  27.075  49.633
 1370    1   888.79    24.81    0.100  -20.100  27.856  47.944
 1371    1   888.79    24.81    0.100  -19.033  26.161  49.283
 1372    1   888.79    24.81   -0.121  -20.067  26.556  48.439
 1373   12   500.18    19.68   -0.368  -21.074  25.656  48.109
 1374    6     0.37     0.31    0.248  -14.983  31.057  49.227
 1375    6     0.37     0.31    0.339  -21.468  26.045  47.316
 1376    8   735.31    24.25   -0.520  -16.155  27.981  46.632
 1377    4   769.72    21.49    0.268  -16.569  27.719  45.264
 1378    1   888.79    24.81    0.526  -17.608  26.599  45.389
 1379   11   480.19    20.72   -0.500  -18.738  26.802  44.874
 1380    4   769.72    21.49    0.211  -15.393  27.173  44.378
 1381   12   500.18    19.68   -0.550  -14.402  28.184  44.116
 1382    2  1586.37    35.05    0.007  -15.933  26.641  43.052
 1383    6     0.37     0.31    0.248  -15.965  27.148  47.152
 1384    6     0.37     0.31    0.310  -13.672  27.798  43.552
 1385    8   735.31    24.25   -0.520  -16.225  23.614  40.690
 1386    4   769.72    21.49    0.214  -14.818  23.524  41.173
 1387    1   888.79    24.81    0.526  -13.988  22.635  40.267
 1388   11   480.19    20.72   -0.500  -14.307  21.463  40.065
 1389    3  1128.12    27.96    0.038  -14.744  22.972  42.604
 1390    1   888.79    24.81    0.011  -13.335  22.727  43.085
 1391    1   888.79    24.81   -0.011  -12.709  21.497  42.859
 1392    1   888.79    24.81   -0.011  -12.612  23.742  43.709
 1393    1   888.79    24.81    0.004  -11.385  21.287  43.240
 1394    1   888.79    24.81    0.004  -11.278  23.544  44.097
 1395    1   888.79    24.81   -0.003  -10.664  22.312  43.861
 1396    8   735.31    24.25   -0.520  -12.894  23.195  39.769
 1397    4   769.72    21.49    0.137  -11.968  22.488  38.900
 1398    1   888.79    24.81    0.526  -10.590  22.874  39.404
 1399   11   480.19    20.72   -0.500  -10.311  24.060  39.600
 1400    3  1128.12    27.96    0.037  -12.153  22.943  37.457
 1401    6     0.37     0.31    0.248  -12.644  24.123  39.988
 1402    8   735.31    24.25   -0.520   -9.742  21.881  39.650
 1403    4   769.72    21.49    0.204   -8.383  22.127  40.137
 1404    1   888.79    24.81    0.526   -7.687  23.146  39.235
 1405   11   480.19    20.72   -0.500   -7.565  22.924  38.029
 1406    3  1128.12    27.96    0.016   -7.574  20.832  40.097
 1407    4   769.72    21.49    0.054   -6.766  20.350  41.303
 1408    2  1586.37    35.05   -0.014   -5.610  19.515  40.787
 1409    2  1586.37    35.05   -0.014   -6.253  21.491  42.171
 1410    6     0.37     0.31    0.248  -10.037  20.972  39.450
 1411    8   735.31    24.25   -0.257   -7.241  24.282  39.798
 1412    4   769.72    21.49    0.112   -6.563  25.299  38.983
 1413    1   888.79    24.81    0.526   -5.289  24.763  38.331
 1414   11   480.19    20.72   -0.500   -4.626  23.877  38.880
 1415    3  1128.12    27.96   -0.001   -6.251  26.397  40.000
 1416    3  1128.12    27.96    0.036   -7.393  26.288  40.963
 1417    3  1128.12    27.96    0.084   -7.506  24.790  41.157
 1418    8   735.31    24.25   -0.520   -4.917  25.341  37.191
 1419    4   769.72    21.49    0.246   -3.730  24.885  36.475
 1420    1   888.79    24.81    0.526   -2.459  24.995  37.281
 1421   11   480.19    20.72   -0.500   -1.595  24.128  37.178
 1422    3  1128.12    27.96   -0.208   -3.547  25.596  35.133
 1423    1   888.79    24.81    0.620   -2.317  25.099  34.389
 1424   11   480.19    20.72   -0.706   -1.341  25.873  34.251
 1425   11   480.19    20.72   -0.706   -2.312  23.917  33.973
 1426    6     0.37     0.31    0.248   -5.432  26.100  36.824
 1427    8   735.31    24.25   -0.520   -2.339  26.030  38.107
 1428    4   769.72    21.49    0.246   -1.130  26.163  38.911
 1429    1   888.79    24.81    0.526   -0.925  24.931  39.804
 1430   11   480.19    20.72   -0.500    0.190  24.410  39.914
 1431    3  1128.12    27.96   -0.208   -1.142  27.425  39.762
 1432    1   888.79    24.81    0.620    0.110  27.557  40.609
 1433   11   480.19    20.72   -0.706    1.209  27.790  40.057
 1434   11   480.19    20.72   -0.706    0.012  27.381  41.838
 1435    6     0.37     0.31    0.248   -3.041  26.713  38.166
 1436    8   735.31    24.25   -0.520   -2.013  24.452  40.407
 1437    4   769.72    21.49    0.246   -1.953  23.282  41.274
 1438    1   888.79    24.81    0.526   -1.677  22.016  40.483
 1439   11   480.19    20.72   -0.500   -0.972  21.124  40.959
 1440    3  1128.12    27.96   -0.208   -3.247  23.142  42.050
 1441    1   888.79    24.81    0.620   -3.604  24.405  42.778
 1442   11   480.19    20.72   -0.706   -2.922  24.744  43.767
 1443   11   480.19    20.72   -0.706   -4.554  25.073  42.336
 1444    6     0.37     0.31    0.248   -2.873  24.914  40.312
 1445    8   735.31    24.25   -0.520   -2.267  21.920  39.298
 1446    4   769.72    21.49    0.201   -2.039  20.768  38.428
 1447    1   888.79    24.81    0.526   -0.548  20.718  38.082
 1448   11   480.19    20.72   -0.500    0.093  19.665  38.188
 1449    4   769.72    21.49    0.033   -2.864  20.852  37.119
 1450    2  1586.37    35.05    0.006   -2.432  19.743  36.146
 1451    2  1586.37    35.05    0.006   -4.358  20.729  37.422
 1452    6     0.37     0.31    0.248   -2.881  22.635  39.020
 1453    8   735.31    24.25   -0.520    0.012  21.869  37.710
 1454    4   769.72    21.49    0.210    1.418  21.939  37.358
 1455    1   888.79    24.81    0.526    2.297  21.547  38.539
 1456   11   480.19    20.72   -0.500    3.275  20.816  38.379
 1457    3  1128.12    27.96    0.053    1.787  23.342  36.855
 1458    3  1128.12    27.96   -0.043    1.084  23.767  35.553
 1459    1   888.79    24.81    0.675    1.288  22.781  34.402
 1460   11   480.19    20.72   -0.470    2.405  22.316  34.151
 1461    8   735.31    24.25   -0.867    0.205  22.448  33.707
 1462    6     0.37     0.31    0.248   -0.549  22.670  37.652
 1463    6     0.37     0.31    0.344    0.291  21.830  32.965
 1464    6     0.37     0.31    0.344   -0.651  22.866  33.971
 1465    8   735.31    24.25   -0.520    1.923  21.999  39.730
 1466    4   769.72    21.49    0.246    2.700  21.690  40.913
 1467    1   888.79    24.81    0.526    2.699  20.220  41.281
 1468   11   480.19    20.72   -0.500    3.755  19.621  41.504
 1469    6     0.37     0.31    0.248    1.122  22.560  39.834
 1470    8   735.31    24.25   -0.520    1.522  19.619  41.345
 1471    4   769.72    21.49    0.199    1.452  18.223  41.719
 1472    1   888.79    24.81    0.526    2.087  17.304  40.658
 1473   11   480.19    20.72   -0.500    2.732  16.296  40.992
 1474    4   769.72    21.49    0.030    0.001  17.802  42.087
 1475    3  1128.12    27.96    0.017    0.022  16.542  42.959
 1476    2  1586.37    35.05    0.001   -0.874  17.656  40.853
 1477    2  1586.37    35.05   -0.001    0.682  16.759  44.315
 1478    6     0.37     0.31    0.248    0.708  20.132  41.153
 1479    8   735.31    24.25   -0.520    1.958  17.680  39.390
 1480    4   769.72    21.49    0.210    2.540  16.871  38.325
 1481    1   888.79    24.81    0.526    4.056  16.973  38.294
 1482   11   480.19    20.72   -0.500    4.729  16.055  37.830
 1483    3  1128.12    27.96    0.053    1.921  17.215  36.969
 1484    3  1128.12    27.96   -0.043    0.473  16.767  36.883
 1485    1   888.79    24.81    0.675   -0.155  16.967  35.516
 1486   11   480.19    20.72   -0.470    0.356  17.714  34.678
 1487    8   735.31    24.25   -0.867   -1.280  16.308  35.290
 1488    6     0.37     0.31    0.248    1.441  18.475  39.147
 1489    6     0.37     0.31    0.344   -1.771  16.365  34.450
 1490    6     0.37     0.31    0.344   -1.601  15.739  36.028
 1491    8   735.31    24.25   -0.520    4.599  18.066  38.816
 1492    4   769.72    21.49    0.292    6.048  18.237  38.863
 1493    1   888.79    24.81    0.526    6.626  17.200  39.832
 1494   11   480.19    20.72   -0.500    7.772  16.766  39.691
 1495    3  1128.12    27.96    0.194    6.427  19.663  39.308
 1496   12   500.18    19.68   -0.550    6.218  19.884  40.700
 1497    6     0.37     0.31    0.248    4.030  18.800  39.110
 1498    6     0.37     0.31    0.310    5.302  20.141  40.798
 1499    8   735.31    24.25   -0.520    5.814  16.799  40.812
 1500    4   769.72    21.49    0.204    6.234  15.826  41.802
 1501    1   888.79    24.81    0.526    5.945  14.377  41.432
 1502   11   480.19    20.72   -0.500    6.794  13.509  41.640
 1503    3  1128.12    27.96    0.016    5.567  16.122  43.147
 1504    4   769.72    21.49    0.054    5.922  17.401  43.899
 1505    2  1586.37    35.05   -0.014    4.939  17.575  45.038
 1506    2  1586.37    35.05   -0.014    7.356  17.351  44.419
 1507    6     0.37     0.31    0.248    4.913  17.186  40.885
 1508    8   735.31    24.25   -0.520    4.763  14.120  40.885
 1509    4   769.72    21.49    0.245    4.344  12.751  40.576
 1510    1   888.79    24.81    0.526    4.037  12.369  39.134
 1511   11   480.19    20.72   -0.500    3.794  11.191  38.862
 1512    3  1128.12    27.96    0.022    3.105  12.425  41.414
 1513    1   888.79    24.81   -0.001    3.327  12.607  42.903
 1514    1   888.79    24.81   -0.035    4.081  11.683  43.621
 1515    1   888.79    24.81   -0.035    2.808  13.715  43.588
 1516    1   888.79    24.81    0.100    4.316  11.844  44.962
 1517    1   888.79    24.81    0.100    3.039  13.888  44.949
 1518    1   888.79    24.81   -0.121    3.797  12.946  45.625
 1519   12   500.18    19.68   -0.368    4.061  13.065  46.966
 1520    6     0.37     0.31    0.248    4.145  14.858  40.701
 1521    6     0.37     0.31    0.339    3.566  13.801  47.302
 1522    8   735.31    24.25   -0.520    4.018  13.336  38.223
 1523    4   769.72    21.49    0.246    3.678  13.015  36.847
 1524    1   888.79    24.81    0.526    2.174  13.112  36.625
 1525   11   480.19    20.72   -0.500    1.407  13.252  37.582
 1526    6     0.37     0.31    0.248    4.236  14.258  38.454
 1527    8   735.31    24.25   -0.257    1.715  13.043  35.366
 1528    4   769.72    21.49    0.112    0.294  13.134  35.024
 1529    1   888.79    24.81    0.526   -0.548  11.875  35.177
 1530   11   480.19    20.72   -0.500   -1.772  11.957  35.209
 1531    3  1128.12    27.96   -0.001    0.342  13.561  33.564
 1532    3  1128.12    27.96    0.036    1.521  12.807  33.053
 1533    3  1128.12    27.96    0.084    2.545  13.006  34.141
 1534    8   735.31    24.25   -0.520    0.089  10.723  35.290
 1535    4   769.72    21.49    0.246   -0.677   9.491  35.367
 1536    1   888.79    24.81    0.526   -1.292   9.351  33.992
 1537   11   480.19    20.72   -0.500   -0.706   9.828  33.015
 1538    6     0.37     0.31    0.248    1.070  10.668  35.289
 1539    8   735.31    24.25   -0.520   -2.459   8.722  33.894
 1540    4   769.72    21.49    0.246   -3.102   8.560  32.606
 1541    1   888.79    24.81    0.526   -3.571   9.926  32.118
 1542   11   480.19    20.72   -0.500   -4.277  10.641  32.834
 1543    3  1128.12    27.96   -0.208   -4.277   7.577  32.681
 1544    1   888.79    24.81    0.620   -4.770   7.141  31.302
 1545   11   480.19    20.72   -0.706   -4.545   7.852  30.306
 1546   11   480.19    20.72   -0.706   -5.382   6.064  31.197
 1547    6     0.37     0.31    0.248   -2.918   8.379  34.685
 1548    8   735.31    24.25   -0.520   -3.144  10.252  30.901
 1549    4   769.72    21.49    0.246   -3.427  11.502  30.209
 1550    1   888.79    24.81    0.526   -2.478  12.583  30.724
 1551   11   480.19    20.72   -0.500   -1.304  12.582  30.280
 1552    3  1128.12    27.96    0.000   -4.905  11.894  30.344
 1553    3  1128.12    27.96   -0.208   -5.853  10.824  29.815
 1554    1   888.79    24.81    0.620   -7.300  11.059  30.210
 1555   11   480.19    20.72   -0.706   -8.125  11.270  29.295
 1556   11   480.19    20.72   -0.706   -7.621  11.027  31.424
 1557   11   480.19    20.72   -1.000   -2.882  13.390  31.589
 1558    6     0.37     0.31    0.248   -2.660   9.565  30.418
 1559   26    53.67     7.33    1.400   -1.963  25.630  53.571
 1560   26    53.67     7.33    1.400   -1.702  19.392  64.436
